0 1 0
2 3 0
4 1 0
5 6 0
7 6 0
8 9 0
8 10 0
11 12 0
8 13 0
8 14 0
8 15 0
8 16 0
8 13 0
8 17 0
18 17 0
19 20 0
18 21 0
7 22 0
8 23 0
8 21 0
24 20 0
25 6 0
26 27 0
28 24 0
29 30 0
29 30 0
29 30 0
29 30 0
31 32 0
33 34 0
33 32 0
35 36 0
37 38 0
35 39 0
40 14 0
40 10 0
40 13 0
40 12 0
40 38 0
40 41 0
40 42 0
8 39 0
43 44 0
45 21 0
43 45 0
46 45 0
47 45 0
8 48 0
35 49 0
43 50 0
31 51 0
35 31 0
52 53 0
35 54 0
55 56 0
35 31 0
35 57 0
43 58 0
50 57 0
43 13 0
35 55 0
35 59 0
55 60 0
61 49 0
35 59 0
31 58 0
35 59 0
35 49 0
40 62 0
40 63 0
40 64 0
40 55 0
40 60 0
40 42 0
40 51 0
40 57 0
40 58 0
8 63 0
8 57 0
11 65 0
31 57 0
11 65 0
66 31 0
40 31 0
66 31 0
31 67 0
67 55 0
66 31 0
66 31 0
67 60 0
66 31 0
66 7 0
68 66 0
69 50 0
43 49 0
66 31 0
70 57 0
70 71 0
50 57 0
71 70 0
72 73 0
73 72 0
72 73 0
73 72 0
33 57 0
43 74 0
43 74 0
8 57 0
72 73 0
8 75 0
31 76 0
40 75 0
40 77 0
78 47 0
78 62 0
40 79 0
78 57 0
40 80 0
78 69 0
18 81 0
18 71 0
11 31 0
18 63 0
18 57 0
18 57 0
18 57 0
18 51 0
82 58 0
50 69 0
37 57 0
40 57 0
62 78 0
40 62 0
66 58 0
40 62 0
40 57 0
43 83 0
18 84 0
18 71 0
2 83 0
18 7 0
18 57 0
83 85 0
82 57 0
35 59 0
85 47 0
86 62 0
35 87 0
86 7 0
35 88 0
89 55 0
35 89 0
35 83 0
90 91 0
35 92 0
90 91 0
35 89 0
90 91 0
35 59 0
35 83 0
50 57 0
93 83 0
35 83 0
93 83 0
93 83 0
68 83 0
68 94 0
86 7 0
2 83 0
2 83 0
47 85 0
83 7 0
90 80 0
95 87 0
7 83 0
83 7 0
90 46 0
96 97 0
97 96 0
96 97 0
47 96 0
98 7 0
98 7 0
96 47 0
99 100 0
101 96 0
96 47 0
96 101 0
100 99 0
47 57 0
96 47 0
102 71 0
102 57 0
103 58 0
103 58 0
102 71 0
