104 55 1
105 71 1
104 60 1
104 7 1
104 32 1
104 106 1
104 80 1
43 101 1
35 104 1
35 103 1
33 107 1
33 108 1
35 109 1
110 111 1
33 57 1
35 112 1
35 108 1
78 108 1
113 104 1
100 114 1
55 89 1
55 104 1
55 67 1
28 57 1
86 57 1
43 115 1
43 116 1
43 116 1
43 78 1
79 57 1
95 31 1
117 99 1
118 119 1
118 119 1
119 118 1
119 74 1
118 119 1
119 118 1
118 57 1
73 72 1
117 119 1
120 107 1
71 105 1
43 91 1
25 121 1
43 78 1
0 122 1
95 123 1
124 125 1
35 103 1
43 78 1
43 78 1
35 123 1
35 126 1
35 127 1
43 78 1
43 128 1
43 115 1
8 119 1
78 57 1
35 108 1
123 108 1
35 108 1
123 60 1
123 71 1
35 108 1
35 111 1
123 84 1
84 123 1
31 129 1
35 111 1
123 84 1
71 123 1
123 7 1
130 29 1
98 125 1
102 71 1
102 71 1
102 62 1
102 116 1
102 71 1
130 29 1
68 94 1
68 123 1
68 78 1
131 29 1
35 98 1
35 132 1
35 59 1
35 133 1
35 132 1
35 80 1
102 71 1
102 134 1
132 134 1
134 132 1
35 132 1
102 134 1
18 51 1
132 134 1
102 134 1
102 134 1
134 132 1
132 134 1
35 132 1
35 132 1
35 132 1
8 108 1
8 108 1
61 135 1
95 31 1
136 137 1
95 136 1
18 119 1
43 89 1
95 136 1
136 137 1
18 138 1
43 59 1
43 87 1
43 101 1
43 89 1
18 110 1
43 89 1
8 31 1
43 89 1
43 89 1
102 62 1
102 71 1
37 85 1
139 104 1
102 71 1
37 85 1
37 100 1
37 100 1
37 100 1
102 100 1
37 100 1
102 100 1
37 60 1
74 119 1
37 80 1
43 140 1
43 140 1
43 73 1
43 126 1
123 134 1
139 123 1
18 81 1
18 81 1
18 81 1
104 55 1
18 81 1
123 134 1
104 57 1
104 62 1
18 81 1
104 60 1
104 134 1
123 134 1
70 71 1
134 123 1
8 31 1
62 104 1
71 70 1
141 57 1
123 134 1
123 134 1
142 31 1
143 98 1
143 104 1
143 120 1
8 108 1
102 108 1
102 62 1
102 62 1
102 108 1
47 80 1
94 80 1
144 47 1
94 62 1
144 94 1
94 108 1
144 94 1
144 47 1
144 94 1
144 47 1
144 47 1
94 108 1
95 47 1
94 108 1
95 94 1
95 94 1
95 47 1
95 94 1
104 143 1
104 62 1
5 145 1
43 59 1
43 104 1
62 94 1
43 31 1
113 104 1
33 108 1
35 104 1
35 108 1
35 146 1
43 31 1
18 119 1
8 135 1
8 147 1
8 148 1
8 149 1
8 150 1
8 151 1
8 152 1
8 57 1
8 57 1
8 134 1
8 21 1
8 7 1
8 153 1
8 120 1
0 134 1
2 154 1
35 108 1
2 154 1
29 131 1
2 57 1
67 55 1
35 155 1
130 29 1
100 50 1
100 33 1
8 7 1
35 72 1
95 94 1
8 75 1
8 7 1
8 156 1
18 157 1
8 57 1
8 31 1
43 128 1
104 134 1
104 128 1
43 128 1
43 128 1
43 128 1
50 100 1
0 158 1
43 73 1
43 128 1
159 71 1
128 7 1
35 146 1
35 108 1
35 104 1
35 128 1
8 7 1
33 100 1
160 161 1
162 71 1
31 163 1
57 7 1
31 57 1
40 75 1
40 119 1
40 131 1
40 164 1
40 165 1
40 156 1
40 166 1
40 167 1
40 168 1
40 133 1
55 67 1
40 55 1
55 153 1
55 169 1
55 170 1
55 171 1
102 100 1
50 156 1
31 129 1
7 57 1
7 163 1
102 62 1
102 172 1
66 153 1
31 25 1
95 162 1
8 57 1
40 55 1
8 19 1
8 164 1
8 60 1
102 108 1
31 154 1
31 108 1
31 173 1
174 49 1
102 84 1
123 108 1
163 7 1
102 62 1
37 127 1
102 62 1
102 62 1
18 108 1
102 62 1
102 62 1
160 163 1
160 163 1
37 108 1
40 62 1
102 62 1
175 62 1
40 62 1
175 62 1
40 62 1
160 62 1
102 62 1
40 62 1
175 62 1
40 62 1
160 62 1
102 62 1
31 163 1
175 62 1
40 62 1
175 62 1
40 62 1
160 62 1
102 62 1
40 176 1
40 176 1
163 177 1
163 176 1
31 174 1
31 176 1
175 62 1
163 178 1
40 62 1
31 178 1
40 62 1
40 62 1
40 62 1
40 62 1
160 62 1
95 163 1
40 62 1
40 176 1
40 176 1
40 62 1
40 176 1
40 62 1
160 62 1
31 176 1
40 176 1
31 176 1
40 176 1
40 62 1
40 179 1
31 176 1
40 62 1
160 62 1
40 176 1
40 179 1
176 31 1
40 62 1
40 176 1
179 176 1
179 176 1
179 180 1
40 176 1
179 181 1
40 179 1
40 89 1
40 62 1
31 176 1
40 179 1
40 62 1
40 176 1
176 179 1
176 179 1
176 31 1
40 179 1
40 176 1
40 179 1
31 176 1
40 62 1
182 183 1
40 62 1
176 31 1
31 176 1
40 176 1
176 31 1
174 31 1
31 176 1
31 174 1
40 167 1
174 31 1
40 167 1
40 176 1
176 31 1
62 173 1
173 62 1
62 173 1
173 62 1
40 167 1
40 176 1
31 174 1
62 173 1
173 62 1
40 167 1
8 31 1
40 176 1
62 173 1
31 176 1
174 31 1
31 174 1
40 167 1
40 176 1
40 167 1
40 167 1
62 154 1
173 62 1
40 176 1
176 31 1
40 167 1
174 31 1
62 173 1
173 62 1
62 173 1
40 167 1
40 176 1
40 176 1
31 174 1
40 176 1
174 31 1
174 31 1
31 174 1
40 176 1
40 167 1
173 62 1
62 173 1
40 167 1
40 167 1
40 176 1
40 167 1
40 176 1
173 62 1
62 173 1
40 167 1
40 176 1
40 176 1
40 176 1
40 176 1
8 31 1
40 176 1
40 184 1
40 167 1
184 146 1
184 31 1
40 184 1
40 176 1
31 184 1
185 184 1
139 184 1
154 31 1
31 154 1
184 185 1
154 62 1
40 176 1
102 176 1
186 185 1
184 96 1
102 96 1
186 185 1
40 184 1
40 184 1
40 185 1
40 184 1
40 185 1
184 62 1
40 167 1
186 185 1
62 154 1
62 184 1
102 57 1
102 62 1
186 185 1
102 187 1
188 174 1
188 174 1
139 184 1
186 185 1
184 108 1
139 184 1
188 7 1
101 96 1
139 184 1
40 85 1
40 187 1
100 99 1
100 189 1
190 174 1
100 189 1
100 189 1
100 189 1
100 189 1
102 191 1
100 189 1
100 189 1
100 189 1
100 189 1
100 189 1
100 189 1
100 189 1
100 189 1
192 148 1
100 99 1
192 189 1
190 77 1
100 189 1
100 189 1
189 108 1
100 189 1
192 189 1
108 123 1
102 108 1
102 189 1
102 108 1
102 108 1
40 191 1
193 148 1
193 194 1
175 19 1
175 60 1
175 148 1
175 119 1
175 131 1
175 85 1
175 96 1
175 71 1
175 57 1
175 7 1
175 195 1
175 196 1
175 197 1
175 198 1
175 199 1
175 189 1
175 191 1
175 200 1
175 187 1
175 201 1
175 184 1
175 202 1
175 179 1
175 180 1
175 176 1
175 183 1
175 174 1
175 165 1
203 204 1
203 103 1
203 183 1
188 143 1
2 184 1
2 31 1
198 57 1
62 184 1
62 198 1
62 183 1
198 100 1
193 198 1
193 205 1
193 206 1
203 122 1
120 190 1
174 190 1
203 128 1
62 198 1
100 183 1
100 207 1
62 45 1
62 198 1
100 87 1
190 120 1
190 174 1
102 176 1
198 19 1
183 100 1
102 131 1
198 208 1
100 183 1
35 104 1
102 209 1
35 208 1
183 100 1
208 198 1
198 208 1
198 209 1
100 183 1
183 100 1
175 100 1
67 100 1
31 197 1
210 100 1
211 208 1
210 212 1
210 92 1
210 84 1
188 198 1
213 214 1
102 108 1
102 214 1
102 81 1
43 213 1
102 214 1
62 198 1
62 198 1
102 214 1
102 214 1
102 167 1
213 108 1
214 66 1
102 214 1
213 214 1
40 214 1
40 215 1
102 126 1
214 61 1
213 108 1
175 216 1
175 215 1
175 217 1
102 108 1
218 123 1
18 108 1
62 126 1
87 100 1
102 167 1
102 55 1
62 126 1
102 55 1
213 55 1
213 55 1
62 126 1
50 214 1
18 174 1
18 108 1
43 213 1
214 50 1
43 213 1
18 214 1
18 214 1
102 174 1
43 213 1
18 214 1
102 174 1
213 174 1
50 214 1
18 214 1
213 214 1
214 50 1
18 214 1
95 94 1
95 31 1
18 214 1
95 163 1
102 214 1
102 214 1
18 214 1
143 184 1
102 167 1
219 213 1
219 31 1
18 214 1
143 31 1
102 174 1
102 174 1
174 213 1
102 174 1
102 174 1
102 174 1
175 220 1
102 97 1
2 31 1
221 119 1
40 221 1
40 221 1
40 222 1
213 174 1
40 96 1
40 133 1
50 214 1
35 221 1
35 220 1
211 65 1
95 223 1
174 213 1
213 174 1
224 222 1
35 220 1
35 213 1
175 222 1
175 225 1
220 160 1
35 220 1
43 225 1
220 160 1
35 220 1
220 160 1
55 213 1
220 160 1
220 160 1
220 160 1
160 220 1
35 220 1
35 213 1
220 160 1
203 220 1
226 25 1
210 227 1
213 100 1
228 229 1
219 213 1
95 230 1
95 231 1
102 220 1
102 19 1
102 85 1
219 213 1
219 213 1
102 65 1
211 65 1
123 108 1
102 184 1
211 5 1
102 184 1
102 7 1
62 201 1
62 184 1
102 92 1
62 184 1
8 232 1
102 232 1
8 96 1
8 189 1
165 233 1
68 33 1
68 33 1
234 190 1
68 184 1
40 165 1
40 31 1
2 31 1
2 131 1
0 29 1
40 31 1
40 172 1
102 165 1
62 126 1
62 198 1
102 165 1
62 91 1
96 227 1
96 227 1
102 57 1
190 135 1
31 57 1
130 29 1
190 235 1
31 236 1
8 234 1
100 33 1
236 31 1
96 190 1
47 80 1
47 80 1
174 213 1
175 232 1
8 100 1
47 51 1
47 51 1
47 174 1
51 47 1
47 51 1
8 176 1
96 190 1
8 174 1
51 47 1
174 47 1
95 47 1
40 31 1
8 174 1
40 173 1
8 174 1
47 174 1
11 174 1
47 51 1
174 47 1
47 174 1
11 174 1
11 167 1
11 174 1
51 47 1
174 47 1
47 51 1
11 80 1
11 174 1
47 174 1
174 47 1
11 174 1
47 174 1
11 174 1
51 47 1
47 51 1
11 174 1
174 47 1
51 47 1
11 174 1
47 51 1
11 174 1
47 174 1
11 174 1
174 47 1
51 47 1
11 174 1
11 174 1
11 174 1
219 213 1
11 174 1
87 219 1
47 174 1
47 51 1
11 174 1
174 47 1
51 47 1
8 174 1
47 174 1
11 174 1
11 174 1
174 47 1
11 174 1
8 174 1
47 174 1
11 174 1
47 51 1
8 174 1
174 47 1
8 208 1
11 174 1
47 174 1
102 65 1
102 51 1
11 174 1
102 65 1
174 47 1
51 47 1
102 65 1
11 174 1
11 174 1
47 51 1
47 174 1
174 47 1
47 174 1
47 174 1
8 174 1
8 208 1
174 47 1
174 47 1
219 47 1
8 174 1
47 174 1
143 184 1
174 47 1
219 47 1
47 174 1
143 221 1
219 47 1
174 47 1
219 47 1
219 47 1
47 174 1
219 47 1
174 47 1
47 174 1
219 47 1
174 47 1
143 194 1
47 174 1
190 236 1
219 47 1
174 47 1
219 47 1
47 174 1
219 94 1
94 167 1
219 47 1
175 197 1
219 94 1
190 174 1
219 94 1
175 200 1
174 47 1
174 190 1
190 174 1
47 174 1
174 190 1
174 47 1
190 174 1
143 87 1
174 190 1
219 47 1
190 174 1
174 190 1
143 237 1
190 174 1
174 190 1
219 94 1
238 174 1
143 239 1
238 174 1
238 235 1
219 94 1
219 47 1
219 94 1
11 89 1
219 94 1
143 22 1
219 94 1
2 131 1
219 94 1
219 94 1
219 94 1
102 51 1
143 31 1
219 47 1
143 47 1
35 221 1
219 94 1
87 143 1
219 94 1
219 94 1
219 94 1
143 47 1
219 47 1
143 47 1
219 94 1
219 94 1
219 47 1
8 143 1
143 240 1
102 143 1
8 215 1
193 241 1
193 198 1
193 208 1
193 181 1
31 143 1
31 242 1
203 240 1
62 126 1
226 143 1
193 208 1
167 94 1
62 126 1
43 213 1
40 31 1
8 243 1
244 190 1
227 96 1
210 227 1
210 245 1
18 51 1
232 87 1
33 241 1
18 232 1
126 62 1
142 31 1
142 94 1
8 234 1
8 176 1
62 126 1
31 87 1
210 232 1
87 31 1
31 87 1
246 247 1
247 246 1
175 247 1
175 247 1
210 231 1
87 31 1
175 247 1
175 62 1
31 87 1
248 62 1
40 249 1
40 247 1
94 167 1
40 250 1
33 241 1
175 71 1
43 87 1
102 176 1
102 85 1
11 167 1
50 85 1
211 251 1
175 62 1
40 96 1
167 94 1
248 62 1
211 33 1
211 251 1
175 62 1
211 251 1
175 62 1
211 33 1
248 62 1
211 33 1
102 62 1
143 246 1
203 50 1
102 62 1
100 207 1
211 33 1
211 251 1
52 252 1
8 250 1
163 7 1
7 163 1
211 33 1
43 87 1
43 47 1
43 87 1
43 47 1
253 7 1
7 253 1
43 87 1
253 7 1
94 167 1
253 7 1
7 253 1
253 7 1
7 253 1
253 7 1
0 254 1
102 255 1
142 31 1
203 256 1
51 47 1
257 75 1
167 94 1
258 259 1
260 255 1
18 51 1
203 80 1
18 51 1
258 255 1
50 259 1
259 50 1
203 261 1
18 51 1
102 259 1
262 253 1
262 253 1
203 50 1
259 50 1
203 50 1
40 255 1
203 50 1
203 50 1
35 253 1
203 50 1
35 221 1
203 50 1
203 50 1
203 50 1
203 50 1
61 214 1
203 50 1
263 157 1
5 121 1
203 50 1
35 253 1
35 5 1
40 264 1
203 50 1
203 50 1
35 5 1
35 253 1
259 50 1
203 50 1
35 221 1
95 5 1
203 50 1
95 5 1
255 258 1
203 47 1
35 253 1
35 5 1
203 50 1
95 5 1
35 5 1
95 5 1
203 50 1
95 5 1
203 50 1
35 5 1
35 253 1
35 253 1
203 47 1
95 5 1
210 250 1
203 265 1
203 50 1
266 259 1
266 255 1
259 50 1
259 266 1
11 259 1
262 190 1
11 100 1
203 47 1
203 50 1
203 265 1
11 174 1
203 47 1
203 50 1
50 266 1
259 50 1
203 47 1
259 50 1
267 148 1
266 50 1
188 7 1
62 126 1
50 266 1
203 47 1
203 220 1
126 62 1
203 47 1
211 5 1
203 47 1
203 47 1
266 50 1
139 5 1
11 174 1
102 266 1
203 47 1
68 253 1
211 33 1
211 47 1
102 266 1
175 268 1
203 47 1
102 165 1
18 264 1
94 167 1
211 253 1
211 47 1
175 269 1
175 266 1
211 47 1
68 270 1
211 47 1
68 270 1
68 270 1
68 270 1
271 272 1
68 270 1
47 255 1
68 270 1
273 47 1
68 270 1
273 47 1
143 259 1
102 264 1
211 47 1
262 221 1
197 255 1
102 269 1
175 255 1
211 47 1
262 238 1
211 47 1
134 104 1
262 238 1
102 227 1
211 47 1
102 227 1
203 47 1
100 270 1
100 33 1
274 19 1
102 227 1
275 7 1
19 274 1
19 274 1
100 33 1
262 276 1
262 276 1
139 5 1
8 134 1
139 277 1
8 134 1
33 100 1
126 259 1
8 134 1
100 67 1
259 126 1
102 51 1
198 278 1
198 259 1
259 198 1
259 126 1
40 100 1
62 126 1
18 51 1
40 279 1
270 100 1
67 100 1
175 100 1
259 126 1
280 253 1
40 279 1
40 279 1
276 67 1
281 33 1
175 282 1
175 282 1
40 279 1
175 282 1
175 282 1
40 279 1
175 247 1
175 283 1
175 165 1
219 270 1
40 269 1
11 100 1
219 66 1
8 134 1
11 100 1
66 255 1
11 100 1
35 284 1
11 100 1
219 66 1
285 220 1
35 284 1
35 284 1
100 31 1
188 131 1
219 220 1
219 220 1
220 2 1
180 179 1
180 176 1
180 176 1
180 259 1
259 286 1
235 238 1
259 180 1
50 287 1
214 50 1
0 254 1
78 165 1
78 255 1
78 259 1
203 67 1
288 134 1
203 78 1
203 275 1
203 220 1
203 270 1
2 220 1
57 198 1
43 289 1
26 220 1
290 291 1
68 292 1
68 103 1
8 259 1
113 123 1
198 57 1
62 289 1
31 290 1
35 235 1
35 290 1
50 293 1
35 235 1
104 134 1
210 227 1
290 31 1
210 259 1
203 67 1
203 275 1
203 78 1
294 295 1
203 47 1
210 287 1
210 283 1
203 287 1
203 283 1
293 50 1
262 276 1
5 220 1
43 128 1
296 190 1
69 123 1
31 290 1
50 293 1
52 290 1
203 297 1
293 50 1
8 31 1
8 176 1
219 220 1
288 219 1
210 264 1
220 2 1
220 5 1
220 210 1
26 220 1
276 33 1
262 276 1
276 298 1
276 298 1
299 51 1
211 66 1
276 49 1
203 220 1
203 180 1
210 220 1
139 123 1
5 220 1
183 31 1
192 232 1
31 183 1
31 183 1
31 183 1
300 62 1
31 183 1
192 148 1
288 7 1
8 298 1
139 123 1
5 87 1
301 137 1
203 67 1
287 50 1
287 210 1
227 210 1
259 50 1
259 198 1
259 78 1
259 210 1
259 180 1
62 300 1
302 293 1
203 67 1
154 2 1
204 303 1
154 7 1
276 251 1
203 67 1
211 210 1
203 67 1
203 67 1
203 67 1
287 49 1
203 67 1
100 31 1
203 67 1
142 66 1
211 227 1
211 227 1
227 120 1
66 163 1
66 131 1
227 60 1
227 303 1
304 305 1
238 235 1
113 123 1
50 293 1
66 171 1
50 287 1
276 171 1
287 50 1
208 298 1
66 174 1
2 220 1
2 154 1
306 5 1
306 5 1
306 50 1
5 298 1
306 5 1
306 5 1
276 50 1
306 5 1
276 78 1
276 50 1
280 307 1
306 5 1
276 50 1
192 301 1
306 5 1
301 192 1
306 66 1
280 301 1
192 301 1
306 5 1
59 307 1
59 307 1
59 307 1
59 307 1
59 307 1
308 174 1
309 71 1
142 66 1
307 59 1
211 208 1
301 192 1
306 66 1
188 301 1
192 301 1
211 33 1
276 183 1
280 301 1
301 192 1
188 301 1
192 301 1
211 33 1
276 183 1
276 183 1
301 192 1
276 183 1
8 176 1
276 183 1
8 298 1
276 183 1
120 227 1
192 301 1
307 59 1
35 210 1
301 192 1
302 211 1
35 154 1
192 301 1
192 310 1
35 33 1
193 295 1
210 127 1
35 210 1
295 62 1
301 192 1
193 311 1
280 301 1
192 301 1
8 7 1
127 50 1
193 131 1
293 50 1
301 192 1
127 50 1
293 50 1
298 208 1
8 7 1
298 5 1
247 282 1
127 235 1
262 307 1
280 301 1
8 298 1
35 298 1
18 301 1
127 50 1
8 7 1
127 50 1
293 50 1
66 31 1
102 298 1
35 298 1
8 298 1
312 227 1
262 307 1
8 7 1
313 307 1
276 190 1
211 50 1
305 304 1
8 298 1
276 190 1
8 7 1
8 298 1
211 50 1
262 310 1
102 298 1
276 190 1
102 298 1
276 190 1
8 298 1
192 279 1
211 50 1
313 253 1
280 301 1
302 211 1
302 297 1
262 314 1
211 50 1
262 315 1
259 50 1
50 58 1
262 314 1
259 78 1
102 298 1
127 210 1
313 307 1
313 50 1
313 33 1
102 298 1
285 220 1
307 314 1
8 314 1
8 315 1
316 314 1
317 123 1
62 295 1
127 50 1
8 315 1
285 33 1
8 298 1
313 50 1
211 50 1
316 314 1
62 300 1
127 235 1
259 50 1
8 315 1
313 47 1
313 33 1
317 33 1
285 33 1
293 50 1
203 50 1
139 123 1
203 67 1
203 297 1
317 33 1
313 47 1
313 33 1
49 287 1
313 33 1
285 33 1
175 310 1
8 7 1
175 305 1
175 298 1
175 318 1
175 299 1
143 192 1
281 66 1
175 314 1
175 315 1
8 7 1
287 49 1
227 120 1
317 33 1
317 123 1
281 33 1
211 5 1
296 33 1
123 317 1
288 211 1
296 87 1
139 123 1
253 307 1
8 7 1
82 312 1
102 317 1
139 123 1
8 7 1
33 317 1
296 33 1
143 287 1
213 153 1
211 5 1
211 5 1
35 298 1
143 87 1
307 253 1
100 183 1
8 7 1
211 5 1
253 307 1
210 287 1
93 319 1
281 213 1
210 259 1
317 123 1
35 210 1
211 210 1
287 210 1
317 33 1
210 227 1
210 287 1
193 87 1
211 210 1
143 289 1
26 193 1
193 87 1
211 33 1
8 31 1
8 7 1
175 232 1
123 317 1
175 31 1
43 98 1
143 47 1
143 50 1
317 33 1
8 7 1
317 33 1
317 123 1
175 31 1
211 33 1
227 314 1
43 98 1
31 183 1
8 315 1
320 143 1
143 98 1
43 98 1
66 31 1
8 7 1
183 100 1
40 183 1
66 31 1
66 31 1
192 314 1
143 192 1
8 7 1
8 298 1
8 259 1
8 131 1
143 98 1
143 321 1
43 98 1
143 192 1
280 322 1
98 143 1
143 192 1
143 98 1
94 51 1
51 94 1
102 323 1
94 51 1
102 323 1
62 154 1
175 323 1
296 324 1
296 324 1
143 98 1
43 298 1
208 298 1
296 324 1
296 33 1
59 307 1
102 323 1
143 98 1
50 323 1
154 62 1
296 324 1
323 50 1
77 325 1
50 323 1
323 50 1
62 154 1
50 323 1
323 50 1
296 324 1
280 143 1
50 323 1
143 192 1
66 62 1
211 208 1
323 50 1
143 98 1
192 143 1
50 323 1
296 324 1
143 192 1
33 323 1
322 33 1
143 98 1
62 66 1
143 192 1
296 324 1
306 324 1
143 98 1
211 50 1
296 324 1
323 50 1
26 193 1
296 324 1
323 33 1
143 47 1
143 47 1
33 323 1
318 33 1
47 143 1
318 324 1
33 87 1
211 50 1
143 98 1
296 324 1
51 94 1
318 324 1
143 47 1
318 33 1
203 326 1
296 324 1
203 67 1
203 50 1
50 323 1
324 318 1
323 50 1
296 324 1
51 327 1
280 143 1
102 323 1
50 323 1
323 328 1
296 324 1
211 50 1
328 323 1
61 77 1
296 324 1
71 290 1
323 50 1
211 50 1
323 328 1
8 293 1
328 323 1
102 323 1
8 96 1
203 67 1
8 317 1
127 328 1
8 77 1
37 51 1
8 51 1
307 59 1
8 329 1
50 51 1
8 85 1
50 330 1
37 287 1
37 287 1
331 332 1
323 328 1
50 323 1
8 60 1
8 261 1
37 287 1
11 167 1
323 50 1
8 287 1
50 323 1
8 287 1
11 287 1
61 259 1
127 323 1
11 287 1
280 322 1
323 50 1
8 287 1
312 77 1
280 322 1
37 287 1
11 287 1
8 287 1
8 315 1
50 323 1
323 50 1
302 315 1
11 287 1
37 287 1
8 315 1
50 323 1
102 323 1
37 287 1
11 287 1
66 89 1
323 50 1
302 315 1
8 287 1
37 287 1
315 302 1
11 287 1
333 127 1
302 315 1
280 322 1
37 287 1
334 33 1
102 323 1
50 323 1
8 315 1
37 287 1
11 287 1
37 287 1
322 280 1
11 287 1
8 287 1
37 287 1
11 287 1
102 323 1
37 287 1
323 50 1
322 280 1
37 287 1
322 280 1
50 323 1
11 287 1
8 96 1
8 287 1
323 50 1
322 280 1
11 287 1
11 287 1
8 281 1
11 287 1
323 328 1
280 322 1
332 318 1
8 287 1
322 280 1
331 280 1
8 315 1
328 323 1
8 287 1
322 280 1
8 287 1
322 280 1
331 280 1
280 322 1
335 314 1
8 287 1
322 280 1
322 280 1
127 323 1
8 287 1
331 280 1
8 287 1
8 287 1
8 287 1
280 322 1
8 287 1
334 33 1
335 332 1
334 33 1
322 280 1
127 323 1
307 332 1
331 280 1
332 307 1
8 287 1
331 280 1
331 280 1
331 280 1
322 280 1
334 33 1
322 280 1
280 322 1
8 287 1
35 188 1
332 328 1
322 280 1
322 280 1
322 332 1
334 33 1
33 100 1
40 96 1
35 74 1
102 323 1
328 332 1
331 280 1
127 220 1
102 315 1
322 280 1
35 210 1
40 307 1
259 210 1
127 323 1
334 33 1
336 280 1
102 323 1
33 312 1
40 307 1
336 259 1
336 280 1
280 253 1
33 312 1
336 280 1
334 33 1
40 307 1
253 280 1
61 259 1
334 33 1
219 220 1
307 310 1
175 310 1
102 323 1
334 33 1
127 328 1
323 50 1
40 307 1
40 307 1
40 307 1
102 323 1
8 307 1
337 259 1
259 337 1
102 323 1
259 337 1
253 310 1
334 33 1
310 307 1
262 310 1
310 253 1
253 310 1
262 310 1
8 307 1
307 310 1
334 33 1
190 314 1
102 310 1
334 190 1
334 33 1
310 49 1
310 253 1
310 307 1
33 310 1
307 310 1
253 310 1
8 307 1
334 190 1
8 310 1
102 310 1
102 323 1
8 307 1
8 307 1
8 310 1
102 310 1
8 310 1
253 7 1
8 307 1
203 338 1
102 310 1
323 328 1
328 323 1
8 281 1
323 328 1
312 33 1
312 33 1
328 323 1
323 328 1
33 312 1
33 312 1
328 323 1
52 33 1
49 310 1
52 339 1
52 307 1
52 304 1
52 340 1
312 33 1
47 310 1
337 318 1
33 312 1
318 33 1
318 332 1
318 337 1
341 259 1
66 31 1
50 323 1
318 332 1
318 324 1
316 310 1
96 337 1
96 190 1
33 342 1
33 298 1
298 33 1
33 298 1
119 221 1
343 208 1
31 7 1
40 119 1
46 77 1
344 55 1
344 317 1
298 33 1
33 298 1
312 33 1
219 31 1
62 31 1
293 50 1
43 298 1
43 33 1
331 307 1
87 143 1
276 5 1
43 33 1
52 307 1
52 345 1
318 332 1
296 87 1
313 332 1
234 346 1
313 227 1
337 347 1
313 94 1
318 337 1
318 337 1
313 47 1
348 7 1
318 337 1
348 318 1
316 307 1
316 307 1
8 232 1
316 307 1
43 307 1
316 307 1
316 307 1
316 307 1
316 307 1
316 307 1
316 307 1
262 307 1
316 307 1
316 307 1
96 337 1
316 307 1
316 307 1
316 307 1
316 307 1
316 307 1
316 307 1
316 307 1
262 307 1
316 307 1
316 307 1
307 262 1
262 307 1
102 96 1
316 262 1
307 280 1
332 318 1
316 262 1
316 262 1
316 262 1
280 307 1
316 262 1
190 346 1
316 253 1
316 253 1
316 253 1
316 253 1
316 253 1
316 262 1
316 253 1
316 262 1
316 253 1
316 253 1
316 253 1
33 312 1
43 33 1
316 253 1
316 253 1
336 253 1
336 253 1
336 253 1
336 280 1
331 280 1
316 190 1
316 253 1
331 280 1
253 301 1
301 280 1
316 190 1
301 253 1
316 190 1
253 301 1
336 280 1
336 280 1
50 323 1
301 253 1
316 262 1
316 253 1
262 280 1
280 262 1
253 301 1
271 262 1
262 253 1
301 253 1
280 262 1
262 280 1
253 301 1
301 253 1
253 301 1
280 262 1
302 297 1
262 280 1
301 253 1
323 50 1
253 301 1
280 262 1
262 280 1
280 262 1
331 280 1
280 262 1
331 280 1
262 280 1
336 280 1
280 262 1
280 262 1
336 280 1
262 280 1
295 62 1
262 280 1
280 262 1
280 262 1
280 262 1
336 280 1
336 280 1
280 307 1
280 253 1
262 280 1
336 280 1
336 280 1
262 280 1
280 262 1
262 280 1
316 280 1
52 340 1
26 183 1
280 301 1
203 183 1
159 71 1
159 71 1
26 183 1
307 280 1
211 262 1
26 183 1
280 307 1
50 323 1
323 50 1
349 5 1
350 298 1
349 298 1
238 348 1
303 227 1
262 351 1
349 298 1
318 348 1
100 207 1
352 253 1
102 133 1
352 253 1
316 318 1
175 100 1
316 307 1
280 351 1
61 353 1
315 354 1
315 262 1
315 280 1
102 352 1
280 315 1
271 315 1
98 348 1
203 183 1
171 127 1
320 232 1
5 251 1
7 348 1
331 280 1
276 262 1
2 50 1
355 62 1
307 280 1
236 190 1
356 357 1
31 262 1
2 50 1
288 358 1
175 100 1
307 280 1
280 307 1
307 280 1
203 183 1
203 270 1
331 307 1
331 307 1
68 348 1
190 236 1
68 154 1
331 307 1
262 31 1
290 31 1
290 71 1
316 307 1
288 85 1
2 50 1
71 290 1
322 339 1
322 280 1
331 262 1
262 315 1
60 104 1
60 104 1
322 33 1
315 262 1
322 280 1
315 262 1
2 307 1
322 280 1
175 60 1
327 51 1
322 280 1
280 322 1
322 280 1
280 322 1
31 290 1
11 359 1
234 190 1
234 262 1
356 357 1
356 127 1
356 174 1
59 193 1
59 193 1
102 313 1
102 359 1
102 157 1
11 359 1
47 313 1
11 315 1
331 315 1
102 359 1
307 336 1
220 210 1
220 127 1
43 307 1
43 307 1
43 307 1
322 280 1
322 339 1
130 296 1
210 220 1
322 101 1
322 190 1
301 280 1
322 101 1
40 307 1
33 312 1
276 262 1
322 190 1
312 33 1
40 307 1
33 312 1
322 190 1
322 87 1
348 7 1
306 47 1
62 73 1
40 31 1
130 296 1
316 262 1
208 241 1
354 315 1
315 354 1
265 49 1
315 262 1
52 304 1
315 307 1
262 315 1
306 47 1
315 262 1
271 315 1
87 322 1
348 296 1
271 262 1
306 47 1
322 87 1
271 315 1
296 348 1
271 315 1
296 348 1
262 315 1
262 315 1
271 259 1
296 247 1
315 262 1
280 322 1
315 262 1
296 348 1
322 280 1
322 280 1
280 301 1
322 280 1
293 338 1
280 322 1
262 315 1
296 348 1
315 262 1
322 280 1
322 280 1
296 348 1
280 322 1
322 87 1
262 315 1
322 280 1
315 262 1
280 322 1
296 348 1
123 322 1
348 96 1
161 160 1
322 280 1
280 322 1
322 280 1
322 280 1
296 348 1
98 348 1
280 322 1
276 307 1
276 360 1
322 280 1
123 322 1
280 322 1
87 322 1
280 322 1
322 280 1
276 361 1
96 315 1
96 348 1
322 87 1
322 280 1
343 127 1
362 363 1
211 50 1
211 210 1
354 315 1
322 280 1
211 262 1
301 280 1
241 208 1
18 301 1
322 280 1
96 348 1
280 322 1
322 280 1
322 280 1
315 354 1
307 315 1
315 307 1
280 301 1
307 315 1
87 322 1
315 307 1
322 87 1
306 280 1
306 280 1
227 313 1
280 322 1
331 280 1
280 322 1
331 280 1
331 280 1
306 253 1
333 363 1
211 87 1
331 280 1
322 101 1
322 280 1
322 87 1
322 280 1
306 253 1
74 312 1
306 280 1
208 364 1
306 253 1
306 280 1
322 74 1
306 253 1
307 253 1
322 87 1
18 330 1
253 307 1
322 74 1
18 364 1
211 74 1
322 74 1
312 74 1
364 208 1
322 123 1
18 364 1
322 74 1
74 312 1
211 87 1
344 317 1
322 123 1
18 364 1
18 364 1
18 364 1
211 74 1
307 59 1
312 74 1
307 253 1
18 364 1
285 220 1
8 307 1
87 211 1
18 364 1
73 62 1
74 312 1
87 357 1
8 307 1
312 74 1
71 336 1
357 87 1
322 74 1
8 176 1
8 310 1
74 312 1
35 74 1
87 357 1
8 365 1
322 280 1
8 357 1
18 364 1
322 74 1
35 74 1
211 87 1
59 307 1
357 87 1
211 223 1
35 74 1
96 348 1
285 366 1
18 364 1
8 281 1
8 357 1
18 364 1
285 201 1
285 201 1
285 201 1
8 357 1
18 364 1
367 366 1
211 74 1
354 315 1
35 360 1
127 235 1
333 127 1
366 367 1
253 336 1
253 280 1
253 280 1
280 253 1
19 20 1
253 280 1
19 274 1
367 366 1
74 312 1
8 211 1
31 62 1
211 74 1
62 73 1
62 31 1
367 287 1
326 143 1
73 62 1
287 367 1
31 62 1
143 280 1
31 262 1
312 74 1
143 87 1
62 73 1
62 31 1
367 287 1
96 348 1
96 326 1
315 354 1
143 141 1
287 367 1
73 62 1
367 287 1
354 315 1
313 227 1
143 368 1
287 367 1
322 280 1
313 47 1
211 73 1
143 369 1
313 47 1
62 73 1
370 305 1
313 94 1
367 287 1
310 47 1
143 358 1
287 367 1
322 371 1
367 287 1
62 73 1
315 354 1
211 74 1
288 211 1
143 282 1
354 315 1
315 354 1
315 262 1
262 315 1
276 190 1
315 262 1
143 47 1
354 315 1
262 315 1
315 354 1
331 280 1
234 190 1
372 307 1
247 282 1
307 372 1
307 372 1
337 143 1
211 262 1
307 280 1
247 373 1
102 315 1
354 315 1
315 354 1
354 315 1
219 220 1
315 354 1
354 315 1
315 354 1
102 374 1
371 241 1
127 323 1
102 364 1
43 173 1
43 372 1
102 315 1
367 339 1
94 364 1
43 371 1
371 367 1
8 176 1
280 307 1
8 370 1
43 364 1
364 94 1
280 322 1
307 280 1
8 367 1
43 371 1
371 370 1
280 307 1
339 367 1
47 313 1
367 339 1
371 374 1
94 364 1
47 310 1
331 280 1
235 127 1
364 94 1
371 374 1
94 364 1
371 375 1
375 371 1
375 376 1
364 94 1
334 71 1
371 375 1
101 96 1
334 154 1
336 71 1
102 374 1
334 87 1
102 377 1
102 364 1
102 374 1
175 373 1
8 367 1
336 71 1
52 304 1
247 374 1
374 247 1
334 154 1
247 374 1
71 336 1
334 367 1
378 348 1
334 71 1
331 351 1
334 71 1
334 97 1
334 97 1
334 367 1
334 97 1
40 379 1
40 370 1
97 96 1
334 49 1
40 380 1
334 364 1
40 381 1
40 342 1
334 367 1
40 382 1
334 367 1
334 367 1
102 364 1
334 367 1
127 235 1
334 367 1
367 193 1
193 367 1
334 71 1
367 193 1
334 367 1
334 367 1
367 235 1
367 321 1
334 367 1
334 367 1
170 55 1
367 308 1
61 101 1
61 346 1
175 377 1
175 377 1
31 62 1
31 377 1
188 357 1
316 310 1
299 383 1
40 299 1
40 324 1
96 337 1
308 367 1
371 96 1
371 374 1
0 145 1
0 100 1
0 210 1
0 29 1
69 384 1
276 361 1
153 55 1
320 153 1
26 220 1
78 364 1
78 385 1
227 313 1
238 348 1
385 49 1
385 259 1
318 337 1
375 49 1
49 385 1
49 375 1
385 49 1
375 49 1
375 49 1
385 386 1
385 49 1
29 71 1
276 361 1
276 375 1
62 31 1
375 190 1
211 375 1
211 375 1
211 375 1
370 376 1
310 47 1
375 376 1
211 375 1
310 364 1
387 305 1
377 31 1
188 348 1
313 47 1
49 385 1
49 375 1
8 176 1
358 143 1
33 364 1
0 29 1
384 69 1
253 377 1
344 360 1
344 345 1
364 78 1
364 310 1
203 373 1
71 29 1
203 373 1
203 297 1
144 87 1
203 297 1
203 297 1
188 348 1
69 384 1
203 297 1
203 297 1
190 375 1
388 253 1
62 336 1
62 192 1
336 62 1
211 387 1
262 377 1
211 375 1
211 223 1
389 315 1
26 183 1
390 348 1
348 390 1
211 223 1
377 253 1
377 262 1
391 382 1
318 336 1
386 385 1
392 393 1
394 7 1
394 7 1
392 262 1
395 377 1
394 7 1
175 395 1
385 386 1
385 342 1
175 395 1
8 390 1
8 51 1
307 280 1
7 394 1
8 385 1
8 7 1
175 395 1
288 391 1
40 390 1
288 374 1
40 324 1
288 370 1
253 377 1
288 390 1
307 372 1
307 262 1
262 307 1
377 253 1
259 385 1
253 377 1
392 262 1
377 253 1
392 262 1
253 377 1
280 307 1
280 307 1
392 262 1
392 262 1
377 253 1
371 96 1
320 358 1
371 375 1
282 259 1
371 96 1
253 377 1
392 262 1
307 280 1
253 395 1
377 253 1
253 377 1
61 370 1
377 253 1
253 377 1
0 396 1
395 253 1
253 395 1
320 395 1
395 253 1
31 377 1
31 62 1
326 96 1
253 395 1
356 395 1
377 253 1
377 31 1
395 253 1
331 307 1
356 377 1
356 395 1
253 395 1
253 377 1
219 372 1
356 377 1
31 377 1
219 307 1
219 223 1
356 395 1
395 253 1
219 61 1
253 395 1
219 253 1
377 253 1
375 190 1
219 61 1
377 31 1
253 377 1
253 377 1
377 253 1
253 377 1
203 293 1
31 395 1
397 208 1
31 377 1
320 395 1
253 377 1
354 315 1
398 395 1
377 253 1
377 31 1
144 87 1
144 262 1
31 377 1
398 363 1
398 381 1
208 395 1
398 125 1
398 298 1
398 374 1
31 57 1
377 31 1
31 377 1
398 58 1
288 370 1
398 385 1
398 75 1
397 377 1
399 31 1
73 378 1
73 395 1
397 377 1
73 377 1
398 364 1
377 73 1
397 377 1
398 310 1
47 310 1
398 148 1
372 307 1
399 31 1
315 354 1
315 389 1
397 377 1
227 391 1
372 307 1
377 395 1
395 377 1
395 377 1
377 395 1
377 395 1
399 395 1
35 295 1
11 174 1
73 377 1
35 127 1
35 400 1
399 395 1
377 73 1
73 377 1
11 401 1
395 73 1
395 398 1
11 401 1
399 395 1
11 401 1
11 401 1
399 395 1
11 401 1
211 302 1
364 398 1
399 395 1
367 308 1
399 395 1
94 364 1
8 174 1
8 51 1
8 7 1
29 71 1
309 96 1
8 211 1
402 7 1
8 87 1
8 33 1
401 280 1
322 280 1
175 395 1
302 211 1
175 395 1
302 388 1
43 241 1
175 262 1
43 241 1
392 190 1
190 395 1
7 402 1
392 190 1
395 190 1
175 395 1
395 190 1
190 395 1
392 190 1
395 190 1
8 7 1
399 322 1
175 395 1
190 395 1
395 190 1
392 190 1
40 262 1
392 190 1
175 395 1
8 7 1
383 299 1
8 211 1
5 403 1
211 393 1
175 395 1
8 7 1
175 395 1
397 404 1
175 395 1
8 7 1
175 395 1
397 404 1
175 395 1
397 404 1
8 33 1
190 404 1
397 404 1
8 7 1
8 211 1
404 190 1
397 404 1
397 404 1
313 280 1
193 405 1
102 395 1
5 377 1
397 404 1
102 404 1
377 5 1
388 253 1
388 61 1
397 404 1
388 302 1
190 404 1
397 404 1
404 190 1
397 404 1
190 404 1
404 190 1
377 395 1
78 364 1
280 313 1
280 401 1
280 322 1
40 406 1
8 404 1
403 131 1
313 227 1
313 280 1
377 395 1
211 302 1
280 313 1
296 61 1
8 404 1
377 395 1
102 392 1
8 404 1
8 211 1
296 61 1
8 404 1
73 407 1
8 404 1
377 395 1
8 404 1
408 49 1
200 409 1
409 200 1
200 409 1
200 51 1
213 395 1
40 395 1
395 213 1
213 395 1
102 370 1
395 213 1
377 395 1
102 370 1
213 395 1
377 395 1
395 213 1
307 280 1
408 49 1
40 395 1
211 375 1
280 307 1
307 280 1
213 395 1
40 395 1
395 213 1
280 307 1
213 395 1
307 280 1
307 31 1
343 402 1
395 213 1
259 282 1
213 395 1
5 377 1
280 307 1
343 402 1
307 280 1
271 272 1
62 336 1
26 405 1
296 271 1
343 402 1
343 402 1
262 404 1
343 402 1
302 388 1
2 307 1
37 364 1
367 393 1
2 87 1
320 410 1
320 410 1
87 2 1
233 165 1
320 411 1
401 280 1
306 367 1
280 401 1
211 302 1
404 262 1
102 343 1
171 343 1
8 211 1
8 410 1
8 410 1
371 388 1
371 406 1
393 367 1
408 262 1
371 406 1
367 393 1
5 412 1
320 404 1
211 412 1
130 392 1
37 287 1
130 190 1
320 343 1
26 413 1
37 404 1
388 302 1
37 174 1
414 328 1
26 413 1
413 395 1
302 211 1
412 5 1
26 413 1
82 367 1
211 412 1
5 412 1
343 171 1
26 413 1
8 176 1
324 343 1
320 343 1
26 413 1
320 388 1
68 5 1
102 342 1
37 404 1
68 402 1
26 413 1
203 373 1
37 176 1
324 377 1
211 412 1
320 176 1
316 280 1
302 211 1
320 71 1
316 307 1
211 412 1
320 71 1
415 211 1
26 413 1
26 413 1
324 5 1
280 351 1
211 386 1
5 324 1
322 280 1
211 415 1
302 211 1
31 307 1
324 5 1
5 324 1
130 392 1
66 409 1
322 280 1
66 409 1
302 5 1
302 5 1
356 342 1
66 395 1
276 416 1
356 404 1
276 416 1
130 392 1
302 211 1
211 415 1
356 392 1
66 377 1
412 211 1
356 62 1
322 280 1
130 392 1
316 280 1
316 280 1
356 388 1
310 364 1
310 398 1
211 412 1
68 417 1
316 280 1
322 280 1
40 406 1
377 324 1
412 211 1
364 310 1
377 66 1
377 5 1
377 324 1
5 377 1
26 413 1
322 412 1
377 5 1
302 211 1
95 73 1
349 5 1
40 406 1
349 5 1
211 375 1
5 377 1
349 5 1
322 336 1
51 200 1
320 310 1
322 355 1
320 310 1
211 412 1
377 5 1
375 5 1
68 74 1
334 71 1
18 395 1
2 50 1
40 406 1
2 50 1
5 377 1
5 375 1
130 392 1
334 49 1
288 418 1
334 277 1
377 5 1
5 377 1
302 211 1
160 161 1
18 7 1
377 5 1
18 418 1
248 7 1
101 61 1
324 377 1
5 377 1
324 377 1
248 7 1
320 51 1
377 324 1
43 18 1
324 377 1
248 7 1
334 5 1
377 5 1
397 377 1
377 324 1
397 377 1
95 73 1
73 418 1
397 377 1
211 412 1
397 367 1
50 418 1
43 128 1
5 377 1
397 377 1
95 73 1
334 5 1
377 5 1
227 310 1
95 73 1
2 50 1
18 395 1
5 377 1
2 131 1
397 377 1
211 412 1
397 404 1
61 101 1
334 5 1
248 7 1
211 412 1
397 367 1
302 211 1
334 5 1
50 2 1
322 355 1
35 295 1
262 404 1
397 367 1
334 5 1
322 101 1
2 50 1
334 5 1
412 5 1
211 50 1
397 367 1
293 50 1
322 366 1
334 5 1
18 419 1
18 419 1
5 412 1
322 420 1
397 367 1
293 50 1
334 5 1
412 5 1
211 50 1
397 5 1
211 412 1
367 293 1
397 367 1
334 262 1
293 367 1
144 280 1
412 211 1
367 293 1
211 50 1
397 367 1
397 5 1
334 5 1
293 50 1
131 2 1
211 412 1
377 5 1
421 211 1
397 367 1
293 367 1
2 131 1
5 412 1
293 287 1
412 211 1
287 293 1
293 367 1
101 61 1
56 55 1
412 5 1
293 367 1
262 310 1
5 377 1
371 406 1
334 5 1
371 388 1
334 71 1
293 367 1
371 211 1
5 412 1
412 5 1
371 388 1
288 211 1
255 47 1
334 372 1
371 71 1
293 50 1
377 5 1
40 406 1
339 55 1
334 372 1
334 5 1
371 310 1
371 232 1
293 367 1
334 173 1
371 367 1
404 262 1
334 71 1
262 404 1
422 409 1
422 409 1
334 372 1
371 367 1
302 211 1
143 282 1
371 406 1
404 262 1
371 367 1
334 114 1
211 412 1
412 211 1
211 412 1
334 59 1
40 406 1
5 412 1
334 372 1
371 211 1
371 406 1
5 377 1
371 367 1
334 59 1
371 71 1
227 377 1
40 418 1
68 372 1
18 108 1
372 310 1
334 59 1
175 418 1
334 5 1
68 372 1
366 322 1
68 227 1
334 5 1
143 47 1
5 412 1
371 71 1
334 71 1
143 337 1
334 5 1
40 406 1
412 5 1
371 211 1
422 7 1
371 71 1
371 388 1
143 412 1
5 412 1
388 67 1
412 5 1
320 211 1
334 18 1
227 385 1
334 5 1
334 71 1
371 211 1
371 71 1
371 388 1
371 388 1
5 412 1
422 96 1
334 71 1
422 127 1
143 373 1
71 371 1
371 71 1
334 5 1
412 5 1
334 71 1
5 412 1
71 371 1
423 404 1
299 383 1
367 220 1
211 371 1
423 235 1
334 5 1
320 211 1
371 211 1
334 71 1
371 71 1
334 355 1
71 371 1
391 227 1
371 211 1
334 71 1
367 235 1
334 355 1
235 367 1
71 334 1
355 334 1
334 5 1
334 355 1
367 235 1
235 367 1
47 5 1
5 334 1
40 391 1
175 391 1
367 235 1
412 5 1
68 355 1
47 5 1
47 255 1
5 412 1
193 183 1
47 5 1
193 0 1
47 5 1
175 391 1
193 295 1
40 391 1
47 5 1
68 355 1
175 391 1
40 391 1
175 391 1
175 391 1
102 391 1
175 391 1
47 5 1
5 412 1
40 391 1
424 395 1
175 391 1
102 391 1
421 334 1
175 391 1
424 377 1
102 416 1
47 5 1
175 391 1
40 391 1
102 391 1
175 391 1
175 391 1
102 391 1
102 391 1
102 391 1
412 5 1
102 391 1
408 190 1
408 49 1
425 426 1
102 391 1
408 7 1
5 412 1
102 391 1
408 193 1
102 391 1
408 5 1
262 404 1
408 259 1
408 148 1
408 412 1
408 148 1
233 390 1
262 390 1
337 385 1
71 262 1
328 414 1
421 193 1
