360 310 10
808 1070 10
1716 191 10
248 1717 10
1716 1506 10
982 984 10
213 285 10
213 511 10
1715 1688 10
1715 1688 10
275 1682 10
123 1621 10
123 462 10
18 1714 10
31 1052 10
1012 1700 10
1488 1587 10
1499 143 10
1345 1313 10
428 1189 10
428 190 10
808 846 10
94 560 10
94 625 10
94 1117 10
360 1254 10
94 446 10
94 1577 10
1313 1345 10
1542 1714 10
1542 1714 10
1542 1718 10
560 94 10
1542 524 10
1542 501 10
1542 968 10
1407 1719 10
1542 851 10
1189 392 10
1430 430 10
1189 1110 10
1542 1279 10
1542 808 10
1542 1311 10
1542 1564 10
726 709 10
1189 392 10
1312 1284 10
537 360 10
190 428 10
1643 213 10
1643 123 10
311 0 10
846 808 10
392 1189 10
213 1643 10
968 1542 10
619 1643 10
31 1041 10
430 1430 10
1361 798 10
430 1294 10
798 1361 10
1294 430 10
1712 524 10
1712 524 10
1712 560 10
1712 1564 10
1712 1462 10
1462 1712 10
1712 1462 10
1462 1712 10
1712 1462 10
1462 1712 10
1712 1462 10
1462 307 10
341 1361 10
808 1542 10
1117 94 10
1712 808 10
1712 281 10
808 1712 10
1712 808 10
192 392 10
1712 69 10
69 1712 10
281 1712 10
1712 281 10
0 311 10
2 104 10
2 508 10
2 789 10
2 31 10
2 1153 10
2 1372 10
2 799 10
2 503 10
2 233 10
2 1287 10
2 154 10
2 823 10
2 1182 10
2 1207 10
2 610 10
2 777 10
2 640 10
1643 619 10
1643 213 10
1712 276 10
1712 281 10
1712 84 10
1712 1651 10
123 1643 10
446 94 10
633 851 10
1345 1313 10
1712 1345 10
66 1041 10
1345 1712 10
1345 1712 10
1110 1189 10
7 345 10
1392 1224 10
782 241 10
1284 1312 10
524 1712 10
276 1712 10
276 1687 10
638 1712 10
767 1279 10
1564 1542 10
1564 123 10
1564 1712 10
1230 1712 10
1230 1666 10
473 399 10
473 1338 10
473 248 10
241 782 10
782 241 10
1720 60 10
1687 1646 10
345 7 10
213 1643 10
1687 276 10
1521 1617 10
1521 536 10
1254 123 10
213 524 10
524 1542 10
524 213 10
213 524 10
524 213 10
213 524 10
1712 524 10
1712 1345 10
524 213 10
524 1712 10
213 524 10
1712 524 10
524 1712 10
1345 1712 10
1712 1345 10
1345 1712 10
524 213 10
1345 1313 10
1712 1345 10
1712 1345 10
536 1521 10
1643 213 10
1643 123 10
1345 1712 10
560 1712 10
710 641 10
1712 1230 10
1712 560 10
1712 377 10
1712 1345 10
1712 1230 10
1237 248 10
1553 1467 10
1712 1584 10
1584 1712 10
1626 1135 10
1712 1584 10
949 352 10
1712 1553 10
1553 1712 10
1712 1553 10
1553 1712 10
1712 1553 10
1712 651 10
1643 1328 10
1719 1407 10
1345 1712 10
248 473 10
726 821 10
1237 94 10
248 1237 10
641 710 10
1712 1345 10
1345 1712 10
1345 295 10
1712 1345 10
1345 1712 10
1712 1345 10
295 1345 10
1345 1712 10
352 949 10
352 1721 10
1345 295 10
1345 1712 10
1712 1345 10
1345 1687 10
1345 1712 10
1712 1345 10
1157 1071 10
1345 641 10
430 1294 10
430 1345 10
1687 1345 10
1345 430 10
1345 1687 10
1687 1345 10
7 345 10
651 1712 10
1345 1687 10
377 1712 10
1279 1542 10
1687 1345 10
1071 1157 10
1712 1071 10
949 352 10
1071 1712 10
1712 1071 10
1071 1712 10
1712 1071 10
1071 1712 10
1712 1071 10
1279 767 10
248 842 10
248 62 10
248 1135 10
248 1243 10
248 1564 10
651 597 10
481 453 10
262 307 10
808 846 10
1214 1712 10
710 641 10
710 546 10
546 710 10
710 546 10
546 710 10
710 546 10
546 710 10
710 546 10
1674 31 10
213 1643 10
453 481 10
1135 248 10
1542 1564 10
1542 1279 10
1542 524 10
276 1687 10
104 1280 10
1189 1722 10
1338 473 10
1313 1345 10
643 718 10
1712 1071 10
1712 524 10
1712 1623 10
66 31 10
1623 1712 10
524 1712 10
1712 1623 10
1712 524 10
1712 1214 10
524 1712 10
1712 524 10
524 1712 10
1712 524 10
524 1712 10
524 1712 10
31 66 10
31 1674 10
1059 248 10
62 248 10
1712 62 10
1345 1313 10
473 248 10
1712 1345 10
1712 1230 10
1712 637 10
1230 1712 10
1712 1230 10
1230 1712 10
1712 1230 10
1230 1712 10
1712 1230 10
1230 1712 10
1712 1230 10
311 0 10
1712 1230 10
1243 248 10
1716 783 10
1712 1723 10
1067 673 10
1542 1723 10
1666 1230 10
1716 352 10
1716 907 10
1646 1687 10
1623 1712 10
1712 1623 10
767 1279 10
1345 1712 10
1712 1345 10
1345 1712 10
1712 1345 10
1345 1712 10
1712 1345 10
1345 1712 10
1712 1345 10
1712 377 10
1345 1712 10
1712 1345 10
1712 1345 10
446 394 10
1284 26 10
560 1712 10
1542 1484 10
26 1284 10
123 1564 10
123 1254 10
1712 43 10
123 1643 10
43 1712 10
1712 43 10
43 1712 10
1712 43 10
1712 276 10
1623 1712 10
1641 821 10
1254 123 10
1712 1180 10
1712 1180 10
174 223 10
1230 1712 10
1230 1666 10
524 1542 10
430 1345 10
1687 1646 10
1666 1230 10
1687 276 10
1328 1643 10
1230 1666 10
84 1712 10
60 1720 10
248 1135 10
248 473 10
248 1243 10
556 151 10
248 1401 10
1643 1328 10
1345 430 10
1230 1604 10
798 301 10
1254 1230 10
673 1067 10
428 190 10
1712 378 10
1712 1553 10
1712 1553 10
597 651 10
1135 248 10
1712 756 10
26 651 10
1284 26 10
1712 597 10
473 248 10
1724 1071 10
1712 1345 10
1712 1386 10
1386 556 10
1386 94 10
1386 1284 10
1386 1534 10
1386 1284 10
1386 1712 10
1407 1719 10
352 1716 10
352 949 10
1407 1623 10
1342 1341 10
1711 1725 10
842 248 10
1711 1725 10
248 473 10
248 388 10
1712 281 10
1712 1647 10
1712 71 10
281 1712 10
1712 281 10
281 1712 10
1712 281 10
281 1712 10
1712 281 10
248 62 10
248 281 10
1712 281 10
1345 1313 10
281 1712 10
1712 281 10
281 1712 10
1345 392 10
1712 281 10
1254 41 10
316 310 10
313 643 10
26 1284 10
643 313 10
1078 281 10
1078 26 10
1252 643 10
1078 26 10
1129 213 10
1078 26 10
1252 672 10
1712 1129 10
311 643 10
123 1254 10
1578 41 10
26 1078 10
1157 1071 10
71 1712 10
430 1345 10
1254 123 10
1534 1386 10
1534 1338 10
1722 1189 10
1534 643 10
1605 842 10
1345 430 10
1724 897 10
1542 172 10
1646 1687 10
392 1345 10
1542 1711 10
1720 60 10
1345 392 10
1542 1626 10
26 619 10
1646 543 10
1646 1004 10
1646 192 10
1542 524 10
877 1646 10
1646 877 10
301 798 10
1687 1646 10
241 782 10
241 782 10
1726 994 10
1726 345 10
1279 767 10
1279 1542 10
782 241 10
543 1646 10
1726 1452 10
1716 352 10
1712 616 10
190 428 10
213 1129 10
41 1254 10
41 1578 10
198 1716 10
430 1345 10
949 352 10
1623 1407 10
524 1542 10
651 26 10
651 1316 10
619 26 10
619 1486 10
241 782 10
619 1567 10
524 651 10
651 524 10
643 311 10
7 31 10
473 248 10
281 1078 10
1646 1687 10
1646 543 10
1338 473 10
473 1338 10
1189 393 10
1338 473 10
1414 1141 10
798 301 10
643 625 10
643 625 10
643 1534 10
643 1252 10
643 1567 10
1189 643 10
651 1628 10
643 1189 10
26 619 10
26 651 10
651 26 10
26 651 10
651 26 10
26 651 10
651 26 10
26 651 10
651 26 10
26 651 10
651 26 10
244 614 10
26 651 10
232 192 10
1338 1490 10
94 446 10
1345 430 10
1237 248 10
94 1237 10
1237 94 10
311 643 10
94 1386 10
1361 341 10
94 1237 10
94 1647 10
1490 1338 10
94 560 10
249 808 10
94 1259 10
7 1237 10
94 712 10
94 1691 10
641 1345 10
1284 1386 10
1284 1386 10
1284 26 10
1338 1490 10
651 26 10
1341 1342 10
248 473 10
248 1237 10
1345 641 10
1041 66 10
442 340 10
1041 31 10
1345 1471 10
393 1189 10
1727 643 10
556 1386 10
556 151 10
94 1254 10
798 1474 10
94 620 10
620 94 10
430 1345 10
1486 619 10
1345 430 10
94 620 10
556 7 10
643 1727 10
556 1345 10
7 556 10
560 94 10
1345 556 10
556 524 10
556 7 10
782 241 10
556 1345 10
1345 556 10
1490 1338 10
556 1345 10
1345 556 10
1345 1313 10
31 7 10
556 1345 10
1345 556 10
31 1041 10
31 7 10
26 1284 10
1405 1361 10
7 31 10
524 556 10
524 556 10
159 428 10
159 1180 10
159 696 10
159 1728 10
1712 1230 10
1230 1712 10
1712 1230 10
1712 1073 10
1656 1729 10
1073 1712 10
1073 515 10
1230 1712 10
1284 26 10
1712 1230 10
1712 1073 10
1712 1584 10
1180 159 10
1180 1712 10
1230 1712 10
855 1175 10
1712 1230 10
808 249 10
1729 1656 10
328 1509 10
1342 1341 10
1687 276 10
141 143 10
143 1499 10
143 141 10
141 143 10
141 1574 10
143 141 10
141 1574 10
141 143 10
614 244 10
1345 307 10
141 143 10
143 141 10
1345 307 10
391 1698 10
141 143 10
141 1120 10
143 141 10
141 143 10
192 232 10
473 248 10
556 524 10
1712 494 10
651 26 10
494 740 10
494 1212 10
494 1712 10
494 1712 10
26 1284 10
1712 494 10
26 651 10
651 614 10
248 473 10
651 26 10
248 1730 10
248 1254 10
26 651 10
248 494 10
968 1400 10
1712 968 10
651 26 10
473 248 10
26 651 10
131 161 10
248 473 10
311 131 10
651 26 10
1078 26 10
1078 26 10
473 248 10
968 1712 10
1712 968 10
1071 1724 10
1712 1071 10
26 1078 10
26 651 10
1078 26 10
651 26 10
26 651 10
26 1078 10
651 26 10
877 1643 10
26 651 10
651 26 10
651 26 10
1078 26 10
26 651 10
1252 643 10
1407 1623 10
26 1078 10
1405 494 10
1078 26 10
651 26 10
248 473 10
1405 1189 10
473 248 10
26 1078 10
524 556 10
248 473 10
1400 968 10
26 651 10
842 1605 10
517 524 10
248 842 10
651 26 10
842 248 10
524 517 10
968 1400 10
556 524 10
556 1345 10
26 651 10
556 1564 10
144 1712 10
1474 798 10
1254 248 10
446 94 10
524 556 10
1712 1492 10
1316 651 10
556 524 10
524 556 10
798 1474 10
556 524 10
1331 536 10
241 822 10
1188 1067 10
1067 1188 10
1509 328 10
131 311 10
1726 1068 10
1726 643 10
1726 637 10
846 808 10
430 1345 10
0 311 10
1623 1407 10
455 1623 10
455 203 10
455 494 10
1623 455 10
1488 248 10
1488 248 10
1338 1488 10
1488 1338 10
1313 1345 10
996 414 10
996 141 10
1345 1313 10
1643 877 10
614 651 10
1129 1712 10
536 1331 10
328 1509 10
1284 26 10
175 968 10
26 1284 10
767 1279 10
62 1712 10
62 248 10
1542 1545 10
323 328 10
104 1726 10
161 131 10
1341 1342 10
248 1488 10
248 1488 10
877 1254 10
625 94 10
625 643 10
969 1254 10
428 190 10
428 159 10
709 1561 10
709 726 10
1254 877 10
1254 969 10
1712 1129 10
1666 1180 10
1712 707 10
1078 26 10
643 625 10
1112 1342 10
1126 712 10
1342 1112 10
1112 1342 10
1342 1112 10
175 897 10
175 522 10
1157 1071 10
1224 1392 10
1342 1341 10
26 1078 10
969 1254 10
1112 1342 10
1180 1666 10
192 1646 10
1561 709 10
1316 651 10
1712 43 10
1254 969 10
524 556 10
1712 524 10
524 43 10
969 1254 10
190 428 10
1726 104 10
482 188 10
8 281 10
8 1621 10
8 1342 10
8 1730 10
8 787 10
8 1312 10
1361 1405 10
710 641 10
1078 26 10
1342 8 10
740 494 10
1666 1180 10
428 190 10
1230 1666 10
1730 8 10
641 710 10
18 1129 10
1731 1555 10
244 1282 10
968 175 10
94 560 10
248 1279 10
1279 767 10
1279 248 10
248 1279 10
1279 248 10
1342 1112 10
248 1279 10
175 968 10
175 1584 10
248 1584 10
1646 192 10
1584 175 10
248 1342 10
1646 171 10
1584 248 10
175 1584 10
248 1584 10
1584 175 10
248 1020 10
175 1584 10
1584 175 10
1584 1581 10
175 1584 10
26 1078 10
1112 1342 10
248 1394 10
1112 1394 10
1394 248 10
1394 1112 10
1112 1394 10
248 1394 10
1394 1112 10
1394 248 10
248 1394 10
1394 248 10
248 1394 10
1281 1646 10
1112 1394 10
248 1352 10
1281 1646 10
248 1643 10
1643 248 10
524 1712 10
248 1643 10
1281 847 10
1035 791 10
1643 248 10
248 1643 10
1189 392 10
1643 248 10
248 1643 10
1643 248 10
248 1643 10
248 782 10
1254 969 10
94 446 10
1078 26 10
1643 248 10
248 1643 10
94 625 10
1643 248 10
1180 1666 10
1555 1731 10
1567 643 10
1492 1655 10
143 1499 10
1492 1712 10
1492 1112 10
248 1643 10
1643 248 10
248 1643 10
651 1316 10
1643 248 10
297 322 10
1017 1643 10
26 1078 10
1643 1017 10
256 41 10
1407 1623 10
248 1643 10
248 1643 10
1078 26 10
26 1078 10
1435 581 10
192 1646 10
989 1112 10
190 428 10
1071 1157 10
1071 877 10
1078 26 10
782 248 10
