969 1254 11
969 1640 11
1117 1541 11
1623 1407 11
1623 724 11
1338 1254 11
1488 248 11
1488 248 11
1312 8 11
1312 506 11
1312 1402 11
1313 1345 11
26 1078 11
907 1716 11
198 1623 11
1345 1313 11
1271 1237 11
1623 198 11
1666 1180 11
709 1282 11
1112 709 11
1519 1180 11
1519 62 11
968 175 11
1189 393 11
1112 968 11
968 1112 11
1112 968 11
428 190 11
709 1112 11
1112 709 11
724 1623 11
1643 248 11
1623 724 11
1405 1361 11
1512 969 11
175 968 11
969 1512 11
1726 360 11
1726 1182 11
41 256 11
41 1254 11
41 1254 11
556 524 11
1254 41 11
494 1712 11
494 248 11
494 1405 11
494 455 11
1712 494 11
494 740 11
494 1712 11
1655 1492 11
1342 248 11
1342 1112 11
709 1112 11
62 1519 11
709 698 11
1112 1342 11
1112 709 11
1078 26 11
560 94 11
248 60 11
1386 556 11
1386 1284 11
1386 1284 11
1386 94 11
1342 1112 11
524 556 11
524 546 11
1112 1342 11
546 524 11
1110 1189 11
1712 524 11
1180 1666 11
248 1342 11
248 1488 11
1712 1180 11
524 546 11
524 1712 11
1712 524 11
546 524 11
524 1712 11
1712 524 11
524 546 11
524 1712 11
1189 1110 11
1294 430 11
393 1189 11
1666 1180 11
26 1078 11
1078 26 11
8 1730 11
8 1342 11
1289 1676 11
430 1294 11
1129 1712 11
1712 1129 11
710 641 11
248 1643 11
1712 1311 11
248 1135 11
248 818 11
248 842 11
1730 8 11
248 851 11
248 591 11
851 248 11
248 851 11
317 66 11
248 474 11
474 248 11
248 474 11
474 248 11
248 474 11
474 248 11
248 474 11
248 808 11
808 846 11
808 248 11
248 808 11
474 248 11
248 474 11
474 248 11
1712 1298 11
1712 1732 11
248 474 11
258 1731 11
581 1435 11
581 1342 11
248 151 11
1433 1678 11
1433 969 11
1712 1433 11
1712 535 11
1433 1712 11
1712 1433 11
248 393 11
968 175 11
1433 487 11
1433 1712 11
1712 968 11
1712 408 11
1316 651 11
26 1078 11
619 392 11
53 1127 11
1712 281 11
1547 94 11
556 707 11
1547 1712 11
1547 481 11
1499 143 11
1712 1547 11
1547 1712 11
1712 1547 11
1712 494 11
1394 1112 11
494 1712 11
1499 707 11
556 1386 11
1547 1712 11
1492 1655 11
1337 66 11
1712 1547 11
1712 1492 11
556 524 11
1712 696 11
1712 1553 11
1547 1712 11
1547 1712 11
1666 798 11
1338 1553 11
1666 798 11
446 94 11
1547 877 11
1666 1547 11
1666 1547 11
1666 446 11
1553 1338 11
1230 1666 11
1078 26 11
1712 1547 11
1553 1712 11
1547 1712 11
1545 1553 11
1712 1547 11
1553 1545 11
983 1230 11
877 1547 11
1112 1394 11
1655 1492 11
399 1279 11
1180 1712 11
1180 1666 11
371 352 11
31 1730 11
1328 1270 11
41 1254 11
41 1508 11
524 556 11
1230 983 11
1433 1561 11
1433 192 11
1433 80 11
1433 84 11
625 643 11
625 94 11
60 248 11
696 213 11
1341 1342 11
619 1180 11
481 1547 11
1435 581 11
651 1316 11
1666 1180 11
1547 1712 11
1547 877 11
328 323 11
1313 1345 11
1294 430 11
1561 1433 11
1712 1584 11
1712 1383 11
1383 439 11
1383 439 11
1539 1712 11
1712 1539 11
1712 1539 11
1189 393 11
1712 892 11
1712 1243 11
1712 537 11
1712 1025 11
698 709 11
84 1433 11
581 1435 11
1545 1553 11
1345 1313 11
546 524 11
1646 192 11
1646 1281 11
1646 1281 11
1733 345 11
1182 1726 11
798 1666 11
524 546 11
1712 1729 11
1712 1233 11
1712 1345 11
1279 399 11
1712 1279 11
1279 1712 11
1712 1279 11
1279 1712 11
1712 1547 11
546 524 11
546 1279 11
190 428 11
1279 546 11
1135 248 11
546 1279 11
248 1135 11
846 808 11
430 1294 11
1020 1448 11
724 1623 11
1279 546 11
1433 1561 11
1433 84 11
1666 798 11
546 1279 11
1471 1655 11
1471 1345 11
248 1564 11
248 522 11
248 60 11
248 524 11
524 546 11
524 248 11
1547 1712 11
248 524 11
1712 1547 11
524 248 11
1628 651 11
248 524 11
1712 1628 11
546 524 11
524 248 11
1712 524 11
524 546 11
524 1712 11
1712 524 11
524 248 11
524 1712 11
524 1712 11
1712 524 11
524 1712 11
1712 524 11
707 556 11
524 1712 11
546 524 11
248 524 11
707 1499 11
248 1279 11
1712 524 11
1712 248 11
248 1712 11
1712 707 11
1712 1529 11
1712 1102 11
1712 816 11
1392 1224 11
1712 1435 11
1435 581 11
1435 1712 11
1712 1435 11
1435 1712 11
1712 1435 11
709 1112 11
709 1372 11
1435 1712 11
166 302 11
1712 1116 11
1112 709 11
1435 1734 11
1435 1733 11
345 1733 11
1712 798 11
311 1727 11
798 1712 11
213 696 11
1112 1435 11
1712 560 11
1666 1230 11
1141 1414 11
560 1712 11
1666 29 11
1666 709 11
1712 560 11
1712 709 11
709 1712 11
1712 536 11
1666 982 11
1712 560 11
560 1712 11
1666 982 11
1712 560 11
1561 1433 11
1435 1112 11
1519 62 11
968 233 11
536 1712 11
1112 1435 11
560 1712 11
782 361 11
1435 1112 11
1112 1435 11
361 782 11
1435 1112 11
782 361 11
1666 166 11
1666 1435 11
1237 1271 11
1237 7 11
276 1687 11
1414 1141 11
1279 248 11
1279 546 11
62 1519 11
62 192 11
1345 1471 11
1342 8 11
1342 1112 11
1342 248 11
1342 581 11
1230 1666 11
1342 1341 11
1666 1230 11
1230 1666 11
1112 1342 11
1112 1435 11
446 1666 11
248 446 11
1666 446 11
1678 1433 11
1492 1655 11
1712 1492 11
1492 1712 11
1712 1492 11
481 453 11
1492 1712 11
1712 1492 11
1492 1712 11
392 1189 11
556 524 11
1345 1432 11
651 1628 11
1157 1071 11
556 707 11
1712 1545 11
808 846 11
302 166 11
241 782 11
241 786 11
1519 62 11
84 1433 11
524 556 11
1430 430 11
80 1433 11
1345 1313 11
842 248 11
248 982 11
1712 1386 11
1386 1712 11
1712 1386 11
248 842 11
1386 1712 11
1712 1386 11
430 1430 11
248 174 11
1547 1712 11
842 248 11
94 560 11
842 1236 11
248 842 11
248 43 11
1471 1345 11
1646 1296 11
1499 707 11
1712 1547 11
1729 1712 11
248 1729 11
248 808 11
808 248 11
248 808 11
1547 1712 11
192 62 11
846 808 11
43 248 11
393 1189 11
248 43 11
428 190 11
581 1342 11
581 1435 11
248 581 11
446 1666 11
767 1279 11
1712 1547 11
248 968 11
1712 248 11
1712 808 11
1712 1729 11
696 213 11
1712 696 11
696 1712 11
1712 696 11
1712 1117 11
248 1712 11
1712 35 11
696 1712 11
223 174 11
248 31 11
31 248 11
31 1487 11
31 696 11
846 968 11
31 311 11
248 31 11
31 248 11
31 1230 11
248 31 11
461 712 11
461 1712 11
31 248 11
248 31 11
31 248 11
248 31 11
1236 842 11
1508 41 11
1729 248 11
1729 1712 11
1712 1729 11
31 392 11
1345 1471 11
1646 481 11
1735 317 11
1735 108 11
248 1729 11
248 1628 11
1712 1628 11
248 1311 11
248 1110 11
1110 248 11
481 1646 11
248 1110 11
1110 248 11
248 1110 11
248 568 11
1666 446 11
248 597 11
1712 597 11
740 494 11
1712 1129 11
1712 974 11
974 1712 11
1712 974 11
1712 1345 11
974 1712 11
248 1545 11
248 1254 11
248 1623 11
248 1664 11
248 392 11
392 248 11
524 31 11
524 154 11
1189 393 11
842 248 11
842 1236 11
1729 248 11
1345 1712 11
1345 718 11
968 248 11
1724 968 11
968 846 11
968 1724 11
968 738 11
560 94 11
248 968 11
154 524 11
248 1541 11
248 1484 11
467 536 11
31 524 11
1724 968 11
248 1672 11
1712 968 11
248 377 11
1712 377 11
374 166 11
1230 31 11
556 842 11
1129 1712 11
1623 724 11
1623 248 11
446 1666 11
1712 1028 11
1117 1712 11
1712 1117 11
1117 1712 11
1732 1712 11
846 968 11
1712 1643 11
1279 767 11
808 248 11
808 846 11
808 1712 11
166 1408 11
1430 430 11
968 1724 11
248 211 11
211 248 11
211 302 11
524 31 11
248 211 11
524 154 11
429 535 11
429 193 11
429 276 11
429 637 11
429 68 11
429 296 11
429 71 11
429 322 11
429 474 11
429 26 11
429 43 11
429 143 11
429 7 11
429 174 11
429 96 11
429 259 11
429 219 11
248 1394 11
248 996 11
1712 535 11
1712 808 11
1712 1736 11
1313 1345 11
1345 1313 11
614 244 11
1643 1712 11
1712 1643 11
1180 619 11
1157 1071 11
430 1430 11
430 395 11
1539 47 11
1539 780 11
8 1342 11
8 1730 11
1539 517 11
1487 31 11
808 1712 11
241 1177 11
244 614 11
1712 808 11
1712 473 11
1539 1737 11
31 1487 11
31 473 11
1547 1712 11
1712 1547 11
71 429 11
1646 481 11
1646 713 11
1643 1712 11
1712 1643 11
1712 1646 11
1646 1712 11
1737 1539 11
1712 1646 11
1342 1112 11
1342 581 11
1342 8 11
1643 1712 11
1712 1643 11
1643 1712 11
1180 619 11
174 223 11
619 1180 11
190 428 11
190 951 11
208 1698 11
393 1189 11
1712 60 11
619 1643 11
1433 80 11
1433 84 11
1433 1678 11
619 26 11
1433 1311 11
1433 1561 11
1433 1311 11
1539 1737 11
1180 619 11
1508 1623 11
619 1180 11
341 522 11
707 1712 11
707 556 11
707 1499 11
1712 1738 11
1666 1230 11
232 192 11
442 31 11
442 1408 11
442 41 11
1141 1414 11
198 1738 11
96 725 11
1561 1433 11
1738 1712 11
1738 198 11
62 192 11
62 1519 11
414 996 11
203 455 11
31 442 11
8 1342 11
808 1712 11
1405 494 11
958 698 11
1712 808 11
1041 31 11
1471 1345 11
842 556 11
619 1486 11
857 700 11
1519 62 11
282 68 11
877 782 11
47 1539 11
1484 248 11
248 1484 11
1345 1471 11
539 1141 11
0 311 11
718 1345 11
1574 141 11
248 501 11
248 1343 11
1508 1679 11
248 808 11
808 1712 11
808 248 11
248 808 11
808 248 11
248 808 11
808 248 11
248 808 11
248 1243 11
1243 248 11
248 560 11
560 248 11
162 985 11
248 560 11
248 393 11
8 1337 11
248 1230 11
707 280 11
473 248 11
481 1646 11
248 473 11
248 707 11
473 248 11
248 473 11
414 996 11
94 1386 11
213 696 11
1539 1378 11
1343 248 11
248 473 11
248 1301 11
66 1337 11
248 1738 11
408 1712 11
1712 408 11
219 429 11
473 248 11
473 1157 11
1180 619 11
159 428 11
159 1180 11
1020 1068 11
1731 258 11
1345 718 11
248 60 11
1539 47 11
1539 46 11
341 522 11
1471 1345 11
248 96 11
26 429 11
393 248 11
248 393 11
1712 808 11
307 1345 11
26 619 11
1157 473 11
311 193 11
1712 524 11
524 1712 11
1342 8 11
1712 524 11
524 1712 11
524 1712 11
1712 524 11
524 1712 11
1712 524 11
1712 524 11
1189 393 11
1189 392 11
1189 1110 11
696 213 11
66 696 11
47 1539 11
1239 808 11
473 1157 11
388 248 11
1738 248 11
248 1738 11
1547 1712 11
1739 503 11
248 1135 11
1646 1712 11
1646 481 11
1180 248 11
1386 94 11
1386 1712 11
1712 1547 11
1712 1646 11
1345 1471 11
1712 1345 11
1407 1623 11
1025 1712 11
1025 1715 11
1345 1712 11
1712 1345 11
1712 1025 11
213 696 11
1294 430 11
1712 598 11
767 1279 11
248 677 11
1712 1732 11
481 1646 11
51 1697 11
248 864 11
248 51 11
473 31 11
473 1712 11
248 43 11
248 1141 11
1141 248 11
248 1141 11
1230 1737 11
1230 983 11
1230 248 11
1254 1341 11
1141 539 11
1141 248 11
1284 1189 11
248 1141 11
248 1279 11
1284 1643 11
1284 1386 11
1279 767 11
1279 248 11
1643 1284 11
1284 26 11
1643 619 11
556 707 11
1141 248 11
1284 1643 11
248 1141 11
1643 1284 11
556 842 11
1737 1230 11
1726 142 11
842 556 11
556 1279 11
842 1236 11
1643 1284 11
556 842 11
1284 1643 11
1284 1643 11
493 388 11
1284 436 11
707 556 11
1284 707 11
1281 1646 11
707 1284 11
1284 707 11
556 1643 11
556 707 11
493 388 11
31 473 11
8 1342 11
983 1230 11
1471 1345 11
842 556 11
248 41 11
376 94 11
1025 1712 11
192 232 11
192 1433 11
192 392 11
556 842 11
248 517 11
1712 1651 11
1157 473 11
597 651 11
842 556 11
1672 248 11
1345 1471 11
1712 1279 11
94 1386 11
1712 1584 11
1279 1712 11
1584 1712 11
1712 1584 11
1584 1567 11
1584 1712 11
1712 1584 11
1712 461 11
1584 1712 11
1712 1584 11
1712 1664 11
94 446 11
725 96 11
188 482 11
1716 1738 11
539 1141 11
94 625 11
162 1025 11
94 560 11
94 1160 11
94 959 11
94 1672 11
718 1345 11
94 718 11
26 1284 11
1394 248 11
494 740 11
494 1405 11
619 1180 11
619 26 11
1345 718 11
707 556 11
35 1712 11
1712 35 11
26 619 11
1341 1342 11
1712 707 11
1058 712 11
1141 539 11
280 707 11
1230 983 11
616 1712 11
1712 616 11
1712 616 11
616 1712 11
1712 616 11
983 1230 11
1727 311 11
1712 560 11
1727 311 11
560 94 11
560 248 11
560 1712 11
62 1519 11
1539 47 11
1539 1519 11
1284 26 11
1284 1312 11
1508 1284 11
1284 1508 11
1687 276 11
1687 1646 11
1135 248 11
47 1539 11
94 560 11
248 1394 11
248 1135 11
1157 1071 11
1712 142 11
142 1726 11
142 1712 11
808 1239 11
1230 983 11
1539 47 11
1712 142 11
1180 619 11
517 248 11
123 1254 11
651 597 11
651 597 11
1312 1284 11
556 707 11
1345 345 11
1414 1141 11
142 1712 11
1487 31 11
1726 142 11
248 1487 11
248 724 11
473 31 11
473 1157 11
1623 1508 11
1487 248 11
248 1487 11
1623 1407 11
248 1487 11
1028 1712 11
1512 1736 11
1512 1736 11
1236 842 11
1736 218 11
1736 218 11
1512 1736 11
1736 276 11
1736 1126 11
1736 1254 11
143 429 11
1126 1250 11
1736 1254 11
31 1487 11
1736 1407 11
1736 1512 11
1342 8 11
1736 1156 11
1736 414 11
1736 414 11
1342 1341 11
1342 1341 11
248 1342 11
1736 219 11
1666 798 11
1666 143 11
798 1666 11
1342 248 11
560 94 11
712 883 11
712 726 11
1254 123 11
712 1058 11
1254 1736 11
248 1342 11
248 393 11
1407 1736 11
1407 1623 11
1394 340 11
1135 248 11
248 1135 11
414 1736 11
1141 1414 11
1712 142 11
1405 494 11
1471 1345 11
1345 1471 11
446 94 11
713 1646 11
877 536 11
248 867 11
1008 1584 11
1712 1028 11
536 467 11
536 877 11
1008 26 11
1712 1025 11
494 1405 11
594 190 11
1345 517 11
877 536 11
1008 1345 11
707 280 11
1008 536 11
248 707 11
1345 1008 11
248 1730 11
190 594 11
1331 1544 11
80 1433 11
556 842 11
1561 808 11
808 1561 11
1561 808 11
787 8 11
787 66 11
1712 787 11
1712 937 11
842 556 11
1239 808 11
1631 1038 11
808 1561 11
808 1239 11
26 1008 11
808 846 11
791 1035 11
26 1284 11
280 707 11
517 1345 11
210 524 11
524 210 11
210 524 11
524 210 11
524 210 11
811 377 11
811 377 11
619 1180 11
1189 1284 11
47 1539 11
517 1338 11
1414 1141 11
1345 517 11
517 1345 11
517 248 11
428 190 11
428 159 11
66 787 11
1341 1254 11
581 860 11
1254 1341 11
1341 1254 11
1254 1341 11
1058 712 11
1730 8 11
1571 1711 11
1487 248 11
1487 31 11
1487 517 11
1284 1189 11
1284 26 11
1712 26 11
26 1712 11
1712 26 11
26 1712 11
1712 26 11
26 1712 11
1068 1726 11
1068 1716 11
1712 1341 11
1254 1230 11
1405 494 11
7 429 11
1345 517 11
1342 248 11
1544 1331 11
1508 1284 11
1508 1623 11
248 1342 11
517 1487 11
517 1345 11
1623 1508 11
190 428 11
1712 1281 11
1281 1712 11
1281 1712 11
1712 1281 11
1281 1712 11
846 808 11
1342 248 11
31 1487 11
1712 1281 11
1281 1712 11
1712 1281 11
1736 414 11
1281 1712 11
1736 1512 11
1736 709 11
171 638 11
1712 1281 11
1281 1712 11
1712 1281 11
51 248 11
1239 808 11
1230 1254 11
724 248 11
556 842 11
808 1239 11
808 846 11
1345 517 11
66 1664 11
397 1012 11
535 1712 11
535 429 11
707 280 11
707 248 11
200 142 11
718 1345 11
1345 718 11
983 1230 11
531 535 11
1666 1578 11
1666 1345 11
1736 1493 11
1736 1638 11
1726 1068 11
414 1736 11
345 1345 11
248 724 11
1345 1666 11
1345 345 11
1012 397 11
1279 1286 11
1286 1279 11
1035 791 11
280 707 11
248 1135 11
397 446 11
428 190 11
1230 983 11
1499 1345 11
1712 436 11
517 1345 11
248 842 11
842 556 11
1254 1230 11
842 248 11
248 842 11
842 248 11
11 1311 11
248 842 11
446 397 11
556 842 11
842 556 11
556 842 11
842 556 11
556 842 11
620 94 11
983 1230 11
983 1230 11
1561 1433 11
1180 619 11
842 556 11
1338 1490 11
619 1180 11
1338 1545 11
1345 1499 11
1345 517 11
517 1345 11
