1135 248 12
393 1189 12
393 1189 12
1189 393 12
726 712 12
1189 393 12
1189 393 12
494 1405 12
393 1189 12
1311 11 12
393 1189 12
1177 241 12
26 1284 12
625 94 12
1740 782 12
1341 1712 12
1740 797 12
1740 814 12
210 43 12
1740 1048 12
1545 1338 12
1712 1312 12
1487 517 12
1487 31 12
1189 393 12
1338 1545 12
1539 47 12
1312 1712 12
767 1279 12
345 1345 12
1345 345 12
345 1345 12
397 446 12
1345 345 12
142 200 12
11 1311 12
821 726 12
11 66 12
154 524 12
345 1345 12
1345 345 12
345 1345 12
345 1345 12
1345 517 12
1345 345 12
1239 808 12
517 1487 12
1279 767 12
1230 983 12
1230 983 12
1311 11 12
31 1487 12
1712 35 12
200 142 12
84 1433 12
248 84 12
698 958 12
223 174 12
35 1712 12
808 1239 12
1712 1492 12
1492 1712 12
175 1492 12
1712 1492 12
556 842 12
1712 535 12
1712 1341 12
1492 175 12
1492 1712 12
1712 1312 12
175 1492 12
1492 175 12
175 1492 12
1712 35 12
1492 175 12
175 1492 12
1492 175 12
175 1492 12
1712 1741 12
1492 175 12
175 1492 12
923 767 12
923 767 12
1492 175 12
175 1492 12
1492 175 12
175 1492 12
1492 175 12
175 1492 12
1492 175 12
175 1492 12
546 1615 12
1345 366 12
1180 619 12
546 142 12
1712 1741 12
1712 1312 12
171 1646 12
1712 1742 12
1539 1743 12
1405 494 12
710 546 12
1643 556 12
248 1237 12
673 1741 12
1743 1539 12
850 311 12
248 1643 12
594 190 12
594 1525 12
11 1311 12
1539 1743 12
1539 1743 12
842 556 12
175 1744 12
1743 1539 12
1539 1743 12
1712 1492 12
1492 1473 12
1492 1712 12
1492 1112 12
1712 1492 12
1492 1712 12
1712 1492 12
1492 1712 12
556 842 12
556 842 12
1112 1492 12
842 556 12
1008 26 12
1745 1020 12
340 1394 12
707 280 12
673 1345 12
190 428 12
190 594 12
1239 808 12
726 821 12
1028 1712 12
782 1740 12
1643 248 12
556 842 12
248 1643 12
26 1008 12
1189 393 12
1312 1712 12
280 707 12
43 210 12
1729 1745 12
198 1345 12
1729 1033 12
1729 1041 12
1386 94 12
210 43 12
210 92 12
793 1117 12
793 276 12
1745 1028 12
1643 248 12
1313 1345 12
1712 1028 12
1712 1312 12
446 397 12
366 1345 12
1345 366 12
1433 192 12
1433 84 12
1433 80 12
1433 1561 12
1345 1313 12
1342 211 12
1712 604 12
604 1712 12
1712 604 12
311 850 12
1712 1345 12
1345 1712 12
1712 1345 12
1345 1712 12
1712 1345 12
1345 1712 12
591 248 12
591 870 12
175 1746 12
175 474 12
474 175 12
175 474 12
474 175 12
1712 1345 12
248 1643 12
248 1488 12
1345 1712 12
1712 1345 12
877 437 12
1747 383 12
877 1488 12
66 1747 12
397 446 12
1471 1345 12
1117 793 12
1311 11 12
1345 1712 12
1311 11 12
1712 1345 12
1312 1712 12
428 190 12
428 1679 12
1748 1733 12
1748 1726 12
1726 1748 12
1748 345 12
1726 352 12
1666 536 12
1748 994 12
1726 470 12
1666 7 12
1643 248 12
536 1008 12
248 1643 12
1668 1664 12
1394 340 12
536 1666 12
11 1311 12
11 1311 12
738 968 12
1646 1712 12
1646 481 12
1646 1281 12
1646 1687 12
248 446 12
446 397 12
1646 713 12
1712 1646 12
1666 842 12
446 248 12
248 1741 12
842 1666 12
18 1741 12
192 1741 12
1338 1623 12
345 1748 12
1748 345 12
1748 345 12
1712 174 12
842 192 12
556 1643 12
983 1230 12
1668 453 12
1512 1519 12
1668 436 12
1519 1539 12
1519 62 12
1519 1512 12
1741 210 12
1519 1512 12
1668 1520 12
1519 911 12
1512 1519 12
1519 1512 12
1512 1519 12
1519 1512 12
1512 1519 12
1512 1519 12
1512 1519 12
1519 1512 12
1519 1512 12
1668 203 12
1512 1519 12
1668 978 12
1519 1512 12
1512 1519 12
1487 517 12
1028 1745 12
1519 1512 12
1668 783 12
1512 1519 12
1519 1512 12
1512 1519 12
1512 1519 12
1668 1055 12
1519 1512 12
1668 560 12
1726 96 12
1668 459 12
1668 390 12
1668 1422 12
190 428 12
850 311 12
341 970 12
1025 1712 12
1311 11 12
1311 11 12
1311 11 12
1439 287 12
1623 1338 12
560 1668 12
1668 560 12
366 1345 12
94 560 12
94 446 12
94 620 12
94 625 12
94 1386 12
767 923 12
1189 1284 12
767 1279 12
345 1643 12
192 842 12
1539 1519 12
1539 1668 12
821 726 12
821 1641 12
821 1338 12
594 190 12
210 1741 12
210 92 12
1712 134 12
1331 1068 12
1712 1345 12
1345 366 12
1643 248 12
1643 556 12
1643 345 12
397 446 12
1740 782 12
232 192 12
232 1737 12
232 1012 12
1712 232 12
31 71 12
232 1712 12
232 809 12
1712 232 12
1737 232 12
232 1737 12
1331 1544 12
232 1712 12
1712 232 12
92 210 12
92 35 12
1345 1471 12
232 1712 12
1737 232 12
232 1737 12
1737 232 12
232 1737 12
1737 232 12
560 1668 12
232 1737 12
1670 437 12
1737 232 12
210 92 12
232 1737 12
1712 232 12
560 94 12
232 1712 12
1712 560 12
1712 232 12
1737 232 12
430 560 12
430 84 12
430 1643 12
1643 430 12
232 1737 12
232 1712 12
360 1435 12
1712 232 12
560 1712 12
560 430 12
1712 560 12
1135 232 12
1741 210 12
232 1135 12
35 92 12
1668 1539 12
1668 560 12
340 1394 12
782 1740 12
1386 94 12
1471 1345 12
1345 1471 12
1422 1668 12
430 1643 12
430 560 12
1747 66 12
1405 1747 12
1012 232 12
1747 1405 12
1747 1405 12
1666 619 12
842 192 12
1405 1747 12
1747 1405 12
1405 1747 12
1405 1743 12
1284 26 12
1284 7 12
1284 1564 12
1544 1331 12
1712 1584 12
446 94 12
446 397 12
446 397 12
1740 782 12
1723 1712 12
1723 1542 12
397 446 12
1743 1405 12
1712 1723 12
1646 1712 12
1646 1668 12
1668 1646 12
1668 1422 12
1542 1711 12
1542 1738 12
1471 1345 12
1712 1646 12
1345 1471 12
7 1284 12
517 1487 12
1135 232 12
11 1311 12
11 1311 12
1197 1745 12
366 1345 12
210 1741 12
1643 430 12
1345 366 12
1723 1712 12
1311 11 12
11 1311 12
1311 11 12
11 1311 12
11 1311 12
1311 11 12
1311 11 12
1337 8 12
1337 66 12
1337 340 12
1741 210 12
1712 1723 12
1712 1312 12
1337 1041 12
345 1643 12
1230 983 12
287 1439 12
1712 1741 12
1643 345 12
232 1675 12
232 1675 12
232 1675 12
232 1135 12
41 248 12
1284 7 12
1711 1571 12
1712 1562 12
1131 1284 12
233 968 12
1284 1131 12
1131 1284 12
1284 1131 12
1486 619 12
1131 1284 12
1486 1519 12
1284 1131 12
1723 1712 12
1131 1284 12
707 280 12
1284 1131 12
31 1131 12
31 1071 12
1135 232 12
968 233 12
1281 1646 12
968 846 12
968 738 12
345 1643 12
748 473 12
556 1643 12
473 748 12
430 1643 12
1338 473 12
430 1623 12
600 399 12
1488 248 12
8 1342 12
1488 877 12
8 787 12
8 1337 12
673 1337 12
673 167 12
377 811 12
1623 430 12
877 1488 12
1422 1668 12
560 1712 12
1749 1337 12
560 430 12
446 397 12
1131 8 12
1733 1435 12
453 1668 12
211 1342 12
643 1748 12
1740 276 12
1279 767 12
210 35 12
1740 296 12
340 1337 12
1740 1281 12
1740 474 12
1740 474 12
1740 474 12
1740 474 12
35 210 12
430 1623 12
7 1284 12
1740 1496 12
1740 898 12
430 560 12
1486 973 12
1435 1733 12
1668 453 12
1668 1422 12
188 43 12
1740 536 12
1668 973 12
1578 1666 12
1740 782 12
1740 782 12
430 1578 12
821 726 12
726 821 12
821 726 12
643 7 12
503 1739 12
2 175 12
2 198 12
2 373 12
2 251 12
2 241 12
2 474 12
2 651 12
2 287 12
1712 2 12
2 171 12
2 1189 12
2 639 12
2 25 12
2 1102 12
2 1166 12
2 71 12
2 31 12
2 67 12
2 1370 12
2 497 12
2 789 12
2 1153 12
2 1661 12
2 880 12
2 839 12
2 301 12
2 1 12
2 61 12
2 1184 12
2 1184 12
2 307 12
2 845 12
2 1109 12
2 31 12
2 864 12
2 696 12
2 739 12
2 1236 12
2 1339 12
2 1339 12
2 407 12
2 25 12
2 699 12
2 699 12
2 248 12
2 1116 12
2 1619 12
2 1343 12
2 809 12
2 1230 12
2 781 12
2 1314 12
2 799 12
2 1750 12
2 1439 12
2 1280 12
2 223 12
2 568 12
2 644 12
2 248 12
2 686 12
2 481 12
2 751 12
2 1269 12
2 1126 12
2 1236 12
2 1351 12
2 730 12
2 1334 12
2 1 12
2 1 12
2 680 12
2 1414 12
2 544 12
2 25 12
2 1348 12
2 822 12
2 822 12
2 242 12
2 476 12
2 793 12
2 1188 12
2 393 12
2 568 12
2 710 12
2 1411 12
2 932 12
2 41 12
2 172 12
2 1316 12
2 1712 12
1712 2 12
2 1712 12
1712 2 12
2 1712 12
1313 1345 12
1712 1343 12
1643 430 12
1643 345 12
846 968 12
1623 430 12
26 1284 12
1189 393 12
31 2 12
66 1337 12
968 846 12
1358 1342 12
7 643 12
1539 1668 12
494 1405 12
430 1643 12
430 1623 12
1578 430 12
1666 1578 12
1623 430 12
126 1071 12
126 232 12
94 560 12
126 1723 12
397 446 12
126 1049 12
126 808 12
126 1020 12
126 1337 12
126 1311 12
126 1197 12
126 494 12
318 316 12
11 1311 12
8 1131 12
94 318 12
1311 11 12
1311 126 12
126 1311 12
318 94 12
84 1433 12
210 35 12
210 1741 12
94 318 12
1405 494 12
1654 1640 12
35 210 12
1654 1396 12
11 1311 12
1541 248 12
1343 1712 12
8 1751 12
1748 643 12
643 7 12
1126 1202 12
1646 1668 12
1646 1712 12
1646 1281 12
1646 1131 12
1646 723 12
1666 968 12
7 643 12
1281 1646 12
968 171 12
968 1666 12
1131 1646 12
171 968 12
430 1578 12
430 1623 12
430 1131 12
968 171 12
1131 430 12
430 1131 12
1712 1071 12
808 126 12
723 1646 12
94 1748 12
1433 84 12
1676 1289 12
1311 11 12
1202 1126 12
430 1110 12
1578 1666 12
1578 430 12
430 1578 12
1578 430 12
430 1578 12
1712 1177 12
280 707 12
171 968 12
126 808 12
1668 1539 12
1668 1646 12
1422 1668 12
94 174 12
1342 1358 12
1342 8 12
18 352 12
1646 1131 12
1646 1281 12
1646 723 12
1646 1668 12
1751 8 12
723 1646 12
428 190 12
1668 1422 12
1668 1646 12
1668 1654 12
1668 428 12
1646 723 12
1646 1668 12
1646 1268 12
1422 1668 12
707 280 12
123 1254 12
1471 1488 12
1008 26 12
1008 1345 12
200 142 12
1254 123 12
8 1342 12
8 96 12
2 31 12
1643 430 12
1542 1102 12
1542 524 12
1542 1723 12
1623 430 12
1542 968 12
123 1254 12
1254 123 12
430 1643 12
430 1623 12
174 94 12
446 397 12
1668 1646 12
1668 1422 12
26 1008 12
453 1668 12
1487 517 12
142 200 12
142 546 12
517 1487 12
517 1487 12
399 1680 12
399 7 12
399 1168 12
1168 399 12
1466 308 12
1519 1539 12
1519 1486 12
280 707 12
712 1058 12
200 142 12
11 1311 12
1157 1496 12
1331 1751 12
1654 1668 12
1654 47 12
1654 31 12
188 1741 12
188 1748 12
188 1748 12
188 43 12
26 1008 12
1422 1668 12
651 1129 12
308 1466 12
1311 11 12
11 1311 12
1542 1466 12
1284 1386 12
11 281 12
494 126 12
494 1405 12
1405 494 12
723 1646 12
1316 2 12
767 1279 12
1641 821 12
1284 26 12
1486 1519 12
92 35 12
31 2 12
1723 126 12
248 1723 12
1723 248 12
248 1723 12
1487 517 12
1487 517 12
1488 1471 12
126 494 12
126 1723 12
1723 126 12
1723 248 12
126 1723 12
1078 26 12
1078 26 12
1078 26 12
26 1078 12
397 446 12
1279 767 12
345 1643 12
643 7 12
446 397 12
317 1735 12
142 200 12
7 643 12
322 297 12
1646 1668 12
1712 1646 12
1646 723 12
1646 1712 12
1668 453 12
1668 1654 12
1712 1646 12
428 1668 12
1668 428 12
1396 1654 12
322 67 12
1668 1422 12
619 873 12
643 7 12
1668 1646 12
958 698 12
7 643 12
1197 126 12
1112 1492 12
782 1740 12
200 142 12
2 31 12
2 1316 12
1496 1157 12
1712 2 12
1712 1496 12
2 1712 12
1311 11 12
1674 31 12
1674 66 12
276 1740 12
1331 26 12
26 1331 12
26 1284 12
210 1741 12
1422 1668 12
11 1311 12
698 958 12
142 200 12
1741 210 12
494 1405 12
1712 494 12
494 126 12
494 1712 12
1712 494 12
494 1712 12
1386 1284 12
1078 26 12
1058 712 12
26 1078 12
1189 1487 12
1668 1422 12
318 94 12
616 430 12
616 1666 12
1284 26 12
1289 1676 12
1284 1386 12
1311 11 12
1311 1312 12
1312 1311 12
1312 1311 12
1311 1312 12
1312 1311 12
1312 1712 12
442 31 12
175 1435 12
430 616 12
11 1311 12
1311 11 12
1157 1496 12
1157 1496 12
1284 1311 12
232 1135 12
1534 1752 12
1311 1312 12
200 142 12
723 1646 12
1666 616 12
1666 968 12
31 2 12
31 1674 12
31 1730 12
1492 1112 12
1646 723 12
1646 1668 12
1712 1646 12
1646 1712 12
1712 1646 12
1646 1712 12
1712 1646 12
1646 1712 12
1712 1646 12
1646 1712 12
1712 1646 12
1712 1312 12
1646 1712 12
643 7 12
1435 175 12
1668 1646 12
1342 8 12
1041 1337 12
1041 1729 12
1405 494 12
1712 1646 12
1177 1712 12
192 117 12
248 581 12
1230 1666 12
1646 1668 12
1646 1712 12
248 973 12
1740 782 12
1740 276 12
430 1230 12
248 436 12
41 343 12
877 1646 12
40 1744 12
40 1651 12
66 1674 12
1729 1041 12
787 8 12
47 1654 12
1008 26 12
41 1743 12
1539 47 12
581 248 12
1496 1157 12
1496 1157 12
2 31 12
1747 1405 12
2 311 12
