1135 232 13
26 1284 13
26 1008 13
1743 41 13
1422 1668 13
1405 1747 13
1668 1646 13
1668 1422 13
1230 430 13
94 1386 13
94 174 13
94 318 13
8 787 13
311 2 13
8 1342 13
174 94 13
11 1311 13
1623 430 13
1041 1729 13
968 1666 13
430 1230 13
430 1623 13
1729 1041 13
232 1135 13
232 126 13
1623 430 13
494 1405 13
430 1623 13
1311 11 13
1623 430 13
1747 1405 13
1405 494 13
1405 1747 13
1342 8 13
26 619 13
1473 1492 13
1284 26 13
524 1542 13
430 1623 13
1747 1405 13
482 188 13
1405 1747 13
1747 1405 13
1643 345 13
1405 1747 13
723 1646 13
1008 26 13
1646 877 13
1646 1668 13
1646 723 13
1422 1668 13
619 26 13
26 619 13
1519 1486 13
1492 1473 13
1668 1422 13
619 26 13
1252 643 13
1157 1496 13
1157 1496 13
1674 66 13
1643 430 13
873 619 13
873 619 13
560 430 13
619 873 13
560 94 13
1394 1112 13
35 210 13
210 35 13
430 1643 13
430 560 13
1422 1668 13
873 619 13
619 873 13
1668 1422 13
811 377 13
873 619 13
26 1284 13
26 1008 13
94 560 13
318 94 13
94 174 13
94 318 13
1126 1202 13
1542 1723 13
696 213 13
1135 232 13
439 1383 13
996 414 13
1422 1668 13
494 1405 13
213 696 13
1668 1422 13
232 1135 13
232 192 13
414 996 13
192 232 13
190 428 13
232 192 13
723 1646 13
1496 1157 13
84 1433 13
560 430 13
560 94 13
1422 1668 13
430 560 13
94 560 13
696 213 13
1487 1189 13
1668 1422 13
1745 1729 13
1433 84 13
1157 1496 13
2 311 13
66 2 13
248 66 13
1189 1487 13
1643 1753 13
1646 877 13
1646 723 13
143 11 13
143 8 13
846 560 13
560 430 13
560 94 13
560 846 13
560 1712 13
672 1252 13
1754 641 13
1405 494 13
1712 560 13
1723 1542 13
1408 442 13
1408 166 13
877 1646 13
188 482 13
482 188 13
1666 653 13
1345 1313 13
494 1405 13
1654 47 13
1654 718 13
473 1284 13
1284 473 13
1284 1311 13
473 1284 13
1284 473 13
620 923 13
620 1646 13
620 923 13
473 1284 13
1747 1405 13
1747 798 13
428 190 13
846 560 13
430 560 13
430 1315 13
1315 430 13
1071 1157 13
430 1315 13
1631 1038 13
2 143 13
1755 1654 13
1311 11 13
1712 1584 13
560 1712 13
560 846 13
560 430 13
748 473 13
430 560 13
1542 1723 13
190 428 13
311 2 13
1739 503 13
787 8 13
11 143 13
11 1311 13
248 494 13
307 1654 13
1435 1756 13
560 430 13
430 560 13
1625 1623 13
430 1730 13
1730 31 13
143 2 13
143 11 13
11 143 13
143 11 13
11 143 13
143 1757 13
143 11 13
11 143 13
143 11 13
11 143 13
143 11 13
718 1654 13
11 143 13
143 11 13
11 143 13
143 11 13
1712 787 13
11 143 13
143 11 13
11 143 13
11 1254 13
345 1748 13
1623 1625 13
307 253 13
1311 11 13
8 787 13
8 143 13
8 1342 13
428 190 13
143 8 13
1740 276 13
1740 390 13
1740 783 13
1740 276 13
1740 1379 13
1740 1496 13
1740 1281 13
1740 474 13
1740 772 13
1740 1390 13
1740 587 13
1740 1672 13
117 192 13
248 143 13
467 1747 13
1646 877 13
1646 620 13
1675 232 13
1675 232 13
524 210 13
94 560 13
726 560 13
1532 1488 13
1748 345 13
1672 1740 13
969 1747 13
2 311 13
2 1727 13
2 1737 13
2 26 13
2 248 13
2 969 13
1466 308 13
1654 718 13
1284 26 13
8 143 13
8 1654 13
8 1466 13
8 1730 13
8 1488 13
8 96 13
8 7 13
8 1254 13
8 1307 13
1307 8 13
8 1307 13
8 1758 13
8 1759 13
8 1748 13
1307 8 13
1307 8 13
8 1741 13
8 1307 13
8 1718 13
8 1752 13
1307 8 13
7 8 13
8 1307 13
8 7 13
1307 8 13
8 1307 13
190 428 13
7 8 13
8 7 13
8 1307 13
1307 8 13
7 8 13
620 1646 13
1654 8 13
1284 1730 13
1284 7 13
7 1284 13
1740 1672 13
1740 276 13
1254 11 13
1254 8 13
1312 1712 13
809 232 13
26 1284 13
809 1337 13
307 673 13
1345 1313 13
1757 143 13
1730 8 13
192 117 13
192 117 13
311 2 13
473 748 13
1753 1643 13
143 1757 13
174 94 13
345 1654 13
174 94 13
493 388 13
1342 8 13
994 26 13
1643 1753 13
994 1748 13
446 394 13
994 317 13
994 317 13
1112 1492 13
1643 994 13
248 446 13
143 1760 13
1112 1394 13
994 1643 13
1643 994 13
994 1643 13
1643 994 13
994 1643 13
1643 994 13
994 1643 13
1643 994 13
1496 1157 13
994 1643 13
248 1496 13
994 1643 13
1643 994 13
26 994 13
1643 994 13
994 1643 13
994 1643 13
994 26 13
1753 1643 13
1252 672 13
809 174 13
1761 1280 13
1757 143 13
66 317 13
66 712 13
66 96 13
66 96 13
66 96 13
1345 1677 13
1677 1345 13
1677 474 13
2 311 13
1755 712 13
1755 1643 13
1755 1374 13
517 1345 13
767 1279 13
1466 8 13
1120 141 13
11 1254 13
11 1311 13
11 1312 13
11 1386 13
1345 1677 13
311 0 13
1492 1112 13
1279 767 13
1280 1761 13
430 1496 13
307 1761 13
1126 1664 13
1126 996 13
1567 1584 13
174 809 13
508 1025 13
1643 1755 13
822 241 13
248 43 13
809 174 13
43 248 13
248 43 13
43 248 13
174 809 13
8 1466 13
8 1342 13
8 1730 13
8 1254 13
8 1654 13
8 1307 13
1761 307 13
1761 1280 13
1280 1761 13
809 174 13
174 809 13
66 1345 13
66 1238 13
307 1761 13
1342 8 13
1342 2 13
1342 11 13
1342 11 13
8 1342 13
8 1386 13
8 1264 13
8 1762 13
8 1762 13
8 1762 13
8 1762 13
8 1762 13
8 723 13
560 430 13
560 94 13
560 726 13
11 142 13
11 1342 13
11 8 13
8 11 13
8 11 13
142 11 13
428 190 13
11 142 13
11 1762 13
1762 11 13
11 1762 13
11 1312 13
1312 11 13
11 1312 13
1312 11 13
1394 1112 13
1394 1745 13
11 1312 13
1312 11 13
11 1312 13
1312 11 13
11 1312 13
1312 11 13
11 1312 13
1312 11 13
11 1312 13
1312 11 13
1312 11 13
11 1312 13
11 546 13
1312 11 13
1646 620 13
11 1312 13
1254 8 13
11 1312 13
1312 11 13
1008 26 13
160 1254 13
482 1407 13
1761 307 13
1761 1280 13
809 174 13
842 1236 13
1345 1313 13
809 174 13
8 1254 13
1492 1112 13
8 846 13
26 1008 13
143 1757 13
430 560 13
614 1763 13
1672 160 13
1757 143 13
142 11 13
66 1033 13
1157 1071 13
1157 1496 13
71 1764 13
1252 1156 13
1677 778 13
581 26 13
2 1342 13
241 822 13
254 0 13
0 254 13
1280 1761 13
1761 1280 13
