1254 1672 14
1254 1672 14
1307 8 14
1254 160 14
494 248 14
8 1307 14
174 809 14
26 581 14
190 428 14
1264 8 14
1715 1307 14
1755 1643 14
442 1408 14
8 1264 14
581 1677 14
1762 11 14
1264 8 14
809 174 14
1643 1755 14
1643 1753 14
1307 1715 14
1307 8 14
1126 1349 14
1126 546 14
1284 26 14
651 51 14
11 1762 14
143 1757 14
1358 1342 14
546 1126 14
1753 1643 14
11 1312 14
11 142 14
11 7 14
1342 8 14
1342 1358 14
1342 11 14
1342 2 14
1342 11 14
1311 11 14
11 1311 14
1712 1311 14
11 1342 14
1757 143 14
1311 11 14
11 1311 14
616 430 14
1677 710 14
1677 710 14
430 616 14
1666 1279 14
1747 467 14
1747 969 14
8 1342 14
1342 11 14
8 1307 14
1342 8 14
798 1747 14
1280 1761 14
18 1180 14
18 7 14
7 18 14
428 190 14
428 241 14
1740 474 14
1279 1666 14
673 1279 14
193 8 14
1677 327 14
1390 1740 14
241 428 14
26 1284 14
2 0 14
1311 11 14
1643 1753 14
1697 1643 14
1755 1643 14
1755 68 14
1755 68 14
1755 68 14
1755 1311 14
1755 1402 14
1761 307 14
174 809 14
1312 11 14
581 26 14
26 581 14
307 1761 14
581 26 14
809 174 14
1358 1342 14
1341 1358 14
1358 1341 14
1402 1755 14
1755 1402 14
1252 811 14
1544 808 14
1643 1697 14
1643 1755 14
1307 8 14
311 0 14
193 198 14
193 294 14
808 1544 14
1126 1259 14
428 241 14
1126 546 14
1126 1033 14
1126 141 14
1311 1755 14
1761 307 14
143 1757 14
47 1539 14
51 651 14
8 193 14
8 1342 14
8 1307 14
1345 8 14
1342 8 14
1342 1358 14
241 428 14
1753 1643 14
1712 1307 14
1712 232 14
232 1712 14
1712 232 14
232 1712 14
1712 232 14
232 1712 14
232 1675 14
1712 232 14
232 1712 14
1712 232 14
798 1474 14
174 809 14
1757 143 14
842 1236 14
1643 1753 14
969 1747 14
276 251 14
1279 1737 14
623 594 14
1715 1307 14
1715 1307 14
190 428 14
1492 1112 14
8 1342 14
8 1345 14
143 1757 14
1112 1492 14
1345 8 14
1492 1112 14
1508 1668 14
317 994 14
560 430 14
560 94 14
726 1279 14
809 174 14
430 560 14
1761 307 14
1252 1743 14
1284 26 14
0 311 14
1737 1279 14
1668 1508 14
2 31 14
0 1654 14
1342 8 14
1757 143 14
1697 1643 14
308 1466 14
1279 726 14
174 809 14
428 190 14
307 1761 14
1252 983 14
1252 548 14
1643 1697 14
1309 560 14
726 1279 14
1252 1764 14
1025 508 14
1740 1390 14
1712 808 14
8 1345 14
8 1342 14
1748 1062 14
594 1100 14
594 1100 14
1761 307 14
1345 8 14
0 311 14
2 0 14
0 2 14
0 2 14
1743 1252 14
2 0 14
0 2 14
2 0 14
808 1712 14
1654 0 14
11 1312 14
11 1311 14
11 1342 14
1312 11 14
855 1116 14
311 0 14
0 311 14
8 1345 14
8 1254 14
1345 8 14
8 1345 14
192 1361 14
1307 1712 14
1307 1715 14
11 1312 14
809 174 14
174 809 14
1311 11 14
1646 232 14
1646 748 14
1712 808 14
643 142 14
767 773 14
1252 1743 14
1280 1761 14
11 1311 14
710 1677 14
1312 11 14
1675 232 14
1747 969 14
1747 171 14
31 2 14
388 493 14
41 1328 14
1328 41 14
41 1328 14
41 1730 14
1747 1439 14
143 1757 14
1747 1074 14
1074 1747 14
142 643 14
1342 11 14
1747 1074 14
1342 8 14
969 1747 14
969 1640 14
969 773 14
969 297 14
1313 1345 14
1022 1765 14
270 276 14
270 637 14
270 712 14
442 41 14
297 969 14
994 317 14
1764 1252 14
994 317 14
1764 71 14
1180 18 14
8 1342 14
8 66 14
190 428 14
1254 41 14
1764 1252 14
1761 1280 14
1279 726 14
1712 1194 14
1623 47 14
47 1623 14
1741 210 14
66 8 14
66 1766 14
66 1767 14
66 1768 14
66 1759 14
66 1748 14
1041 1337 14
969 709 14
1252 1764 14
2 31 14
2 31 14
1345 1313 14
1311 11 14
1676 1289 14
1755 1643 14
1755 1311 14
1402 1755 14
1747 969 14
1280 1761 14
26 581 14
26 1284 14
1041 66 14
1041 1729 14
560 430 14
1623 47 14
560 1309 14
1712 560 14
166 1757 14
1764 1252 14
430 560 14
210 1741 14
1761 1280 14
1761 307 14
1761 307 14
1741 210 14
311 0 14
1508 1743 14
0 311 14
1280 1761 14
104 712 14
104 1623 14
104 41 14
104 1643 14
307 1761 14
1623 104 14
1643 104 14
1643 1755 14
11 1311 14
11 1342 14
11 1311 14
1755 1643 14
1755 7 14
1643 1755 14
1755 1643 14
1129 651 14
66 709 14
7 1755 14
1755 7 14
809 174 14
7 1755 14
104 1643 14
104 1623 14
493 388 14
232 1646 14
232 1675 14
1623 104 14
1342 11 14
1675 232 14
11 1342 14
1342 11 14
1342 8 14
11 1342 14
581 26 14
1342 11 14
11 1342 14
1342 11 14
1309 560 14
1284 26 14
1643 1755 14
1643 104 14
1284 1311 14
11 1342 14
11 1312 14
11 1643 14
11 26 14
1312 1284 14
1643 11 14
11 1643 14
1643 11 14
11 1643 14
726 1279 14
1643 11 14
1439 1747 14
1342 11 14
1311 11 14
1311 1755 14
1311 11 14
1033 1623 14
43 1668 14
11 1643 14
11 1311 14
11 1342 14
26 11 14
11 26 14
11 66 14
1623 1033 14
1623 47 14
1761 1280 14
1757 143 14
8 1342 14
1677 1117 14
1643 11 14
171 1747 14
31 2 14
1342 11 14
1342 8 14
8 1342 14
31 1041 14
1237 31 14
1342 8 14
31 1237 14
8 1342 14
31 8 14
8 31 14
8 31 14
1237 31 14
1342 8 14
8 1342 14
1342 8 14
1342 8 14
8 1342 14
8 1342 14
8 1342 14
1342 8 14
1342 8 14
8 1342 14
8 1342 14
1342 8 14
8 1342 14
8 1342 14
8 1117 14
143 1757 14
94 560 14
1279 726 14
94 174 14
1761 307 14
66 1769 14
47 1623 14
188 357 14
188 442 14
188 1748 14
104 1643 14
104 1623 14
2 31 14
104 1623 14
104 1623 14
104 473 14
188 707 14
188 43 14
1755 7 14
1755 1402 14
1755 1643 14
1755 1311 14
26 11 14
26 1284 14
1623 47 14
1623 104 14
1685 26 14
26 1685 14
1685 26 14
26 1685 14
1311 1755 14
1311 11 14
104 1623 14
66 393 14
66 393 14
104 1026 14
104 1517 14
1643 104 14
1643 1755 14
1685 1643 14
104 1643 14
1643 1685 14
1685 1643 14
1643 104 14
1643 1685 14
1685 1643 14
104 1643 14
1643 1685 14
1643 104 14
104 1643 14
1643 1757 14
104 473 14
1643 104 14
104 1654 14
104 1643 14
104 1640 14
1643 104 14
104 1643 14
104 1117 14
104 43 14
104 473 14
1643 104 14
104 1484 14
104 1643 14
104 8 14
1643 104 14
1280 1761 14
43 104 14
1280 1770 14
1675 232 14
104 43 14
104 1643 14
94 1451 14
1755 1643 14
11 1311 14
11 26 14
1668 43 14
26 11 14
428 190 14
190 428 14
1712 1194 14
1623 104 14
307 1761 14
1770 1280 14
1117 8 14
1117 1677 14
1117 104 14
1284 1312 14
1284 1189 14
1466 308 14
276 270 14
8 1117 14
8 7 14
1117 8 14
473 104 14
1280 1770 14
1643 104 14
1643 1755 14
11 26 14
1311 1312 14
96 8 14
748 1646 14
672 1252 14
1761 307 14
1761 244 14
672 1252 14
1564 26 14
7 8 14
1712 616 14
104 1623 14
104 1117 14
104 473 14
104 1643 14
616 1712 14
1712 616 14
174 809 14
1117 104 14
1394 1771 14
1666 104 14
1771 1394 14
1666 1117 14
31 8 14
1712 1584 14
66 1041 14
1712 524 14
31 8 14
31 8 14
31 11 14
524 1712 14
1312 1311 14
1252 672 14
808 1712 14
808 641 14
1646 748 14
1666 941 14
473 104 14
66 255 14
66 473 14
1685 255 14
1623 104 14
1033 1312 14
1730 8 14
1730 41 14
473 66 14
1623 47 14
983 1207 14
1058 712 14
66 1343 14
428 190 14
809 174 14
1312 1033 14
66 1674 14
673 1252 14
1712 1492 14
190 428 14
43 1668 14
188 143 14
1772 678 14
1544 808 14
1343 66 14
1311 1312 14
26 11 14
1311 1343 14
1755 1643 14
1488 1532 14
1755 285 14
1755 285 14
1755 285 14
1755 285 14
1755 1129 14
1755 1129 14
1755 1129 14
1755 1129 14
1755 524 14
1755 524 14
1394 1771 14
8 31 14
8 1730 14
62 126 14
0 311 14
8 96 14
8 7 14
8 1117 14
1117 1666 14
1117 8 14
1343 1311 14
1757 143 14
1757 1643 14
1643 1757 14
1643 1755 14
428 190 14
429 71 14
429 143 14
429 7 14
8 1117 14
1117 8 14
1117 8 14
1755 1643 14
1126 318 14
560 430 14
1715 1307 14
1715 1307 14
190 428 14
678 1772 14
560 1309 14
1236 842 14
1685 1394 14
560 94 14
560 1712 14
696 641 14
174 94 14
696 1773 14
1492 1712 14
1311 1343 14
1386 8 14
1386 11 14
1386 94 14
430 560 14
8 1386 14
1033 1312 14
1307 1715 14
1623 47 14
1757 1643 14
1771 1394 14
174 809 14
1237 1471 14
748 1646 14
1252 673 14
560 430 14
1643 1757 14
1772 678 14
709 969 14
709 66 14
1685 709 14
709 1685 14
1252 1772 14
1685 709 14
673 1252 14
1761 430 14
619 26 14
430 560 14
430 1761 14
1471 1237 14
1252 673 14
842 1236 14
18 7 14
18 1180 14
673 1252 14
851 1774 14
1194 1712 14
47 1623 14
641 808 14
641 696 14
808 1544 14
969 1747 14
969 709 14
428 190 14
66 709 14
66 1775 14
66 1774 14
66 1776 14
66 1776 14
66 1769 14
8 1312 14
8 1312 14
8 1312 14
8 1312 14
8 1312 14
66 8 14
7 8 14
1777 233 14
0 1778 14
1402 1755 14
