1761 430 15
1230 1167 15
31 1730 15
190 428 15
31 442 15
31 376 15
1755 1402 15
1747 969 15
1747 171 15
1394 1771 15
26 619 15
1394 1685 15
393 1189 15
1623 47 15
1051 696 15
1189 1284 15
1189 393 15
1051 1237 15
651 1129 15
94 1386 15
94 43 15
1280 31 15
560 430 15
1167 1230 15
8 7 15
430 1761 15
430 560 15
8 31 15
1284 1189 15
524 1755 15
43 94 15
1755 524 15
524 1755 15
428 190 15
1490 131 15
311 0 15
1755 524 15
1771 1394 15
0 311 15
0 311 15
1312 8 15
1312 8 15
1312 8 15
1312 8 15
1312 8 15
542 1512 15
1230 1167 15
1755 473 15
696 1051 15
696 641 15
1757 1643 15
473 1755 15
524 1755 15
1402 1755 15
1623 1051 15
1646 748 15
994 317 15
31 1280 15
31 8 15
104 1623 15
1643 1757 15
104 1117 15
171 1747 15
104 1623 15
1167 104 15
104 1167 15
1623 104 15
104 1623 15
104 1038 15
1623 104 15
104 1623 15
104 1254 15
1254 104 15
104 1254 15
1623 104 15
104 1623 15
1394 1771 15
1771 1394 15
1180 18 15
1623 104 15
104 1623 15
1712 592 15
620 592 15
592 620 15
1623 104 15
104 1623 15
18 1180 15
18 1312 15
104 18 15
1685 1025 15
1025 1685 15
18 1312 15
1685 1025 15
18 1025 15
1312 18 15
1025 1685 15
1685 1025 15
18 1312 15
18 1312 15
1025 1685 15
1025 1685 15
1685 1025 15
1117 307 15
1025 1685 15
1685 1025 15
1779 1254 15
7 8 15
104 556 15
104 556 15
26 1685 15
190 428 15
1772 1252 15
1252 1772 15
1740 592 15
41 1254 15
41 104 15
1755 1402 15
1311 1312 15
1755 1311 15
1311 1755 15
1755 473 15
1755 1311 15
1467 1553 15
1685 26 15
560 430 15
393 1189 15
430 560 15
8 7 15
43 35 15
26 1685 15
35 43 15
1312 18 15
1312 8 15
1312 1311 15
18 1312 15
308 1466 15
1394 1771 15
104 41 15
1189 1284 15
11 1386 15
11 26 15
11 1643 15
11 1342 15
11 1312 15
11 1311 15
1311 11 15
1312 11 15
1126 1770 15
1312 18 15
738 968 15
11 1312 15
11 1311 15
1771 1394 15
8 1312 15
1051 696 15
1051 696 15
1337 340 15
1051 1337 15
1337 8 15
1337 1051 15
1051 1337 15
1337 1051 15
1337 1051 15
1051 1337 15
1051 1337 15
1337 1051 15
1051 1337 15
1284 1189 15
1337 1051 15
18 1312 15
1623 1284 15
1189 1284 15
1337 340 15
1623 1051 15
307 1117 15
1747 171 15
1747 1361 15
1312 18 15
1312 8 15
1117 307 15
1312 1623 15
1623 1312 15
1180 18 15
515 1444 15
515 1444 15
515 1444 15
1312 1623 15
556 104 15
18 1180 15
18 1312 15
397 26 15
1544 808 15
341 842 15
171 1747 15
1312 18 15
1770 1126 15
1774 66 15
1774 851 15
104 556 15
1712 1774 15
1774 1712 15
673 1337 15
430 482 15
18 1312 15
430 1584 15
430 1770 15
430 726 15
1237 1051 15
1712 1774 15
842 341 15
651 1727 15
1747 171 15
560 430 15
1051 1623 15
1051 1237 15
430 560 15
430 1038 15
1770 430 15
1311 11 15
26 397 15
430 1770 15
1126 1770 15
1126 1202 15
171 1747 15
1394 1771 15
406 371 15
428 190 15
11 1311 15
343 41 15
1361 192 15
1361 1747 15
307 1117 15
1770 1126 15
651 861 15
1342 11 15
1311 11 15
1126 35 15
1771 1394 15
1685 26 15
1313 1345 15
1757 1643 15
1757 166 15
104 851 15
8 1337 15
8 1312 15
8 31 15
11 1342 15
11 1311 15
1685 474 15
556 301 15
301 556 15
556 301 15
1312 8 15
301 556 15
620 592 15
556 301 15
1342 11 15
430 494 15
430 393 15
556 301 15
301 556 15
397 26 15
301 556 15
1471 26 15
1117 307 15
35 1126 15
190 428 15
104 638 15
104 638 15
1348 1182 15
560 430 15
1584 2 15
2 1584 15
430 560 15
31 8 15
1126 35 15
1311 11 15
767 592 15
767 1279 15
430 968 15
968 430 15
430 968 15
968 430 15
968 430 15
430 968 15
430 1311 15
270 276 15
1623 1312 15
1623 1051 15
1715 1307 15
1284 1623 15
1284 1020 15
1180 18 15
1008 26 15
1008 26 15
1311 430 15
1051 1623 15
1623 1284 15
1623 1051 15
430 1311 15
1284 1623 15
1311 430 15
430 1311 15
1772 1252 15
1623 1284 15
18 1180 15
1279 767 15
1252 1772 15
197 808 15
430 1254 15
8 1312 15
1284 1623 15
31 937 15
31 66 15
1312 8 15
1623 1284 15
641 710 15
66 1303 15
1532 593 15
1685 357 15
710 641 15
357 1685 15
1685 357 15
430 357 15
1685 1623 15
357 1685 15
357 430 15
1685 357 15
1757 473 15
430 357 15
641 710 15
357 1685 15
357 430 15
710 641 15
430 357 15
473 1757 15
18 446 15
1051 1623 15
811 1252 15
1020 1284 15
556 301 15
376 31 15
301 556 15
808 197 15
1345 1313 15
270 26 15
270 1643 15
1674 66 15
1311 430 15
1643 11 15
26 1685 15
26 397 15
26 1471 15
26 1008 15
560 430 15
26 270 15
430 1311 15
430 560 15
1160 256 15
1313 1345 15
1311 430 15
430 1311 15
1715 1774 15
66 1774 15
197 808 15
8 1312 15
430 1189 15
1189 430 15
430 1189 15
1189 430 15
430 1189 15
808 197 15
1774 1715 15
1774 66 15
11 1643 15
11 1311 15
11 1342 15
41 1254 15
94 560 15
94 174 15
94 43 15
767 1279 15
1254 430 15
430 1254 15
50 1774 15
232 1675 15
232 192 15
1311 11 15
1311 430 15
1774 50 15
1312 8 15
1312 1033 15
1284 1020 15
94 867 15
104 1311 15
430 1311 15
673 1723 15
192 232 15
43 1405 15
1405 43 15
174 94 15
1312 1311 15
1623 1685 15
295 1564 15
1564 295 15
50 1774 15
1342 11 15
765 1512 15
43 94 15
1623 1780 15
515 1723 15
673 69 15
18 1312 15
619 1486 15
1561 1564 15
1033 1312 15
1279 767 15
1774 50 15
1331 1341 15
104 473 15
473 104 15
104 473 15
638 104 15
104 638 15
638 104 15
104 638 15
638 104 15
1439 1781 15
482 430 15
2 686 15
2 1 15
2 233 15
2 927 15
2 753 15
2 1460 15
104 638 15
1674 31 15
1550 1635 15
1189 1284 15
1020 1284 15
1126 1349 15
430 482 15
1312 1033 15
1516 1561 15
197 808 15
341 974 15
1466 308 15
1341 1331 15
1675 232 15
855 1397 15
1561 1516 15
1281 1740 15
1331 1341 15
233 1777 15
1331 1544 15
1331 1312 15
1341 1331 15
31 1674 15
31 376 15
31 1780 15
31 1564 15
1473 1492 15
1473 597 15
1646 748 15
482 430 15
1312 1331 15
1312 18 15
1254 430 15
638 104 15
104 638 15
18 1312 15
104 493 15
50 1774 15
493 104 15
493 428 15
1001 272 15
1730 8 15
104 493 15
104 357 15
259 429 15
1492 1473 15
11 1311 15
1311 11 15
11 1311 15
1311 11 15
11 1311 15
1311 11 15
1331 1312 15
1331 1341 15
560 430 15
1740 1281 15
1747 171 15
430 560 15
430 1254 15
430 482 15
493 104 15
428 493 15
1782 259 15
143 1757 15
1782 51 15
1782 143 15
143 1782 15
104 493 15
143 1782 15
560 94 15
1782 143 15
1312 1331 15
143 1471 15
560 430 15
1780 31 15
430 560 15
1312 1311 15
1712 560 15
143 1782 15
560 430 15
430 560 15
143 141 15
560 1712 15
616 1712 15
1712 616 15
1723 515 15
1782 211 15
1723 673 15
1331 1312 15
867 94 15
1331 1780 15
1331 1780 15
1780 1331 15
1331 1780 15
1780 1331 15
1331 1780 15
1254 430 15
1780 1331 15
31 1780 15
1780 31 15
1331 1780 15
673 1723 15
1780 1331 15
1331 1780 15
1331 1780 15
430 1254 15
937 31 15
1780 1331 15
1331 1780 15
1331 1435 15
1780 1331 15
1331 1780 15
1780 1331 15
1331 1780 15
397 26 15
1471 143 15
1674 31 15
392 192 15
1439 493 15
1345 1313 15
41 1439 15
41 71 15
71 41 15
1439 41 15
1544 1331 15
1712 616 15
482 430 15
248 482 15
1311 1312 15
1755 482 15
26 397 15
1331 1544 15
397 26 15
1757 143 15
493 428 15
493 1439 15
397 1737 15
104 638 15
1182 1348 15
430 482 15
104 307 15
357 104 15
482 1755 15
482 248 15
482 430 15
430 482 15
430 1747 15
1747 430 15
1747 430 15
1747 1471 15
1747 829 15
1471 1747 15
1747 1471 15
1747 1471 15
104 357 15
357 104 15
1712 1584 15
1584 1712 15
1712 1584 15
1584 1712 15
1712 1584 15
482 430 15
1312 1331 15
641 35 15
1782 1584 15
1345 1782 15
2 1783 15
1782 1345 15
104 1584 15
1312 18 15
1345 1782 15
1012 397 15
1033 1312 15
171 1747 15
397 1012 15
1486 131 15
104 1486 15
1486 619 15
1486 104 15
104 397 15
104 1486 15
1782 1345 15
430 482 15
430 1747 15
1782 1345 15
397 104 15
1345 1782 15
1237 1051 15
1433 1312 15
1782 1345 15
1345 1782 15
35 641 15
482 430 15
26 397 15
2 1747 15
41 71 15
430 482 15
482 430 15
352 1771 15
1051 1237 15
430 482 15
430 352 15
430 428 15
430 772 15
248 482 15
482 430 15
482 248 15
8 1730 15
8 1312 15
8 1312 15
0 311 15
