1755 482 16
1747 430 16
1516 1561 16
1516 1561 16
1312 1433 16
430 482 16
430 1747 16
430 726 16
1782 1345 16
1372 709 16
131 1486 16
26 651 16
18 1312 16
482 430 16
397 26 16
482 1755 16
307 104 16
307 1761 16
311 0 16
430 482 16
482 430 16
641 35 16
104 307 16
104 397 16
31 937 16
1784 66 16
31 1674 16
318 1126 16
1433 1312 16
651 26 16
1331 1312 16
7 31 16
11 1311 16
1782 1723 16
26 651 16
26 397 16
1771 352 16
1284 31 16
7 31 16
397 26 16
651 26 16
270 26 16
1747 430 16
1784 31 16
1723 1782 16
1041 66 16
31 7 16
31 1284 16
31 7 16
31 1784 16
1755 482 16
482 1755 16
430 1747 16
767 1279 16
709 1372 16
131 1486 16
808 197 16
1584 1782 16
556 301 16
1761 307 16
1646 493 16
638 104 16
383 1747 16
1279 767 16
104 638 16
71 41 16
1749 1337 16
898 100 16
1755 482 16
1311 11 16
26 651 16
26 397 16
26 270 16
482 1755 16
1311 1312 16
1785 1623 16
1785 1343 16
1785 1230 16
397 26 16
651 26 16
809 174 16
493 1646 16
1312 1311 16
1312 8 16
1312 1331 16
1312 18 16
69 673 16
1747 383 16
748 1646 16
8 1312 16
1311 1312 16
974 341 16
143 1757 16
143 1471 16
143 11 16
968 1415 16
968 1755 16
1755 968 16
968 1755 16
1755 482 16
1755 968 16
968 1755 16
1755 968 16
968 1755 16
1755 968 16
0 311 16
11 1311 16
1311 11 16
11 1311 16
1311 11 16
11 1311 16
1311 11 16
1486 131 16
1486 131 16
808 197 16
1544 1331 16
1544 1753 16
1544 1753 16
1544 1753 16
1544 1753 16
1771 1394 16
94 1245 16
767 1279 16
1757 143 16
11 1311 16
1331 1312 16
1312 1311 16
1394 1771 16
1312 1331 16
1312 8 16
1331 1312 16
1312 1331 16
1771 1394 16
473 1785 16
143 1757 16
18 1312 16
18 1644 16
18 1644 16
1311 1312 16
1311 11 16
467 1584 16
1167 631 16
594 1100 16
11 1311 16
11 143 16
428 430 16
1311 11 16
1245 94 16
270 26 16
1782 1245 16
584 494 16
174 809 16
11 1311 16
1279 767 16
232 1675 16
437 318 16
188 1748 16
0 311 16
0 2 16
809 174 16
1168 546 16
996 1126 16
996 1424 16
430 428 16
1230 1749 16
651 104 16
1126 996 16
1126 318 16
35 43 16
1471 143 16
494 584 16
1214 193 16
1730 8 16
619 1486 16
248 502 16
442 31 16
66 1780 16
174 809 16
1584 467 16
26 397 16
1486 619 16
26 651 16
26 270 16
397 26 16
1343 1785 16
1646 493 16
1785 1343 16
1785 473 16
428 493 16
428 190 16
428 430 16
502 248 16
1643 139 16
1643 270 16
1643 11 16
430 428 16
8 1730 16
8 1312 16
1674 31 16
846 1674 16
26 397 16
94 174 16
94 43 16
397 26 16
397 26 16
94 560 16
1341 941 16
94 867 16
94 1245 16
341 974 16
1348 1182 16
1245 94 16
651 26 16
104 651 16
104 1623 16
104 1780 16
1623 104 16
1623 473 16
26 397 16
1126 1584 16
430 1394 16
809 174 16
104 1623 16
1623 104 16
104 1623 16
651 104 16
493 1646 16
493 428 16
941 1341 16
651 104 16
26 651 16
1341 941 16
397 26 16
560 94 16
290 1786 16
290 1786 16
190 428 16
1787 1770 16
1770 1787 16
1787 1770 16
1770 1787 16
1770 718 16
1757 143 16
673 1788 16
96 870 16
397 1012 16
1311 11 16
718 1770 16
428 190 16
1780 66 16
1780 104 16
651 26 16
1770 718 16
1012 397 16
397 1012 16
190 428 16
11 1311 16
974 341 16
397 1396 16
941 1341 16
1012 397 16
397 1012 16
1012 397 16
1012 397 16
397 1012 16
397 1012 16
1561 897 16
1012 397 16
556 1337 16
1337 556 16
0 1789 16
248 502 16
1100 594 16
1674 846 16
1674 846 16
1674 0 16
0 1674 16
0 2 16
1674 0 16
0 1674 16
1674 0 16
1675 232 16
1311 11 16
473 1785 16
1542 69 16
1542 108 16
104 1780 16
104 651 16
1542 1767 16
104 1770 16
1394 430 16
430 1394 16
846 1674 16
1785 473 16
1341 941 16
1785 473 16
941 1341 16
651 104 16
26 397 16
26 651 16
104 651 16
1396 501 16
1584 1126 16
318 437 16
318 1126 16
473 1785 16
473 1785 16
1770 104 16
1770 104 16
502 248 16
1058 712 16
397 26 16
968 1755 16
1755 968 16
1770 1284 16
1685 26 16
1723 1785 16
31 1790 16
1785 1723 16
1785 1254 16
1254 1785 16
1785 1602 16
1785 1490 16
1785 1343 16
1785 1279 16
1279 1785 16
0 1674 16
139 1643 16
188 1748 16
968 1755 16
1674 0 16
1674 846 16
104 1674 16
1167 1623 16
1674 104 16
174 809 16
1643 139 16
26 1685 16
104 1674 16
1490 1785 16
1755 968 16
1755 1602 16
1755 1129 16
104 96 16
1723 1785 16
104 1723 16
1723 104 16
1723 1790 16
712 1058 16
846 1674 16
1623 1167 16
1058 712 16
1126 1602 16
1126 1723 16
1723 1126 16
1126 839 16
1723 1126 16
1126 1723 16
1723 1126 16
430 1723 16
1723 430 16
104 1723 16
1284 1770 16
104 1723 16
430 1723 16
767 1279 16
1435 1331 16
638 104 16
651 26 16
1284 1189 16
1625 0 16
1312 8 16
1312 8 16
712 1058 16
809 174 16
104 638 16
104 397 16
493 1435 16
1723 430 16
397 104 16
1723 104 16
1508 198 16
1508 192 16
1791 1284 16
1791 1167 16
1167 1791 16
1791 71 16
171 1747 16
1791 1167 16
1791 519 16
1791 1398 16
1791 1309 16
1791 277 16
1791 1582 16
1435 493 16
1770 1284 16
1345 1432 16
1791 473 16
1279 767 16
430 1723 16
174 809 16
1284 1791 16
1284 1770 16
8 1312 16
8 1312 16
0 1625 16
1313 1345 16
71 1791 16
11 1311 16
1167 1791 16
11 996 16
11 8 16
11 1342 16
0 2 16
1030 1738 16
1030 706 16
1030 830 16
1343 1785 16
1791 1284 16
1791 71 16
1791 1167 16
1791 1372 16
248 502 16
0 2 16
0 2 16
0 2 16
0 2 16
0 2 16
