198 1508 17
1747 171 17
1792 1473 17
1542 1214 17
1785 1343 17
1542 638 17
1311 11 17
104 1723 17
104 397 17
104 1791 17
104 1755 17
1058 712 17
1058 712 17
473 1791 17
1791 473 17
26 397 17
26 651 17
1755 104 17
397 104 17
397 26 17
1126 1793 17
1345 1313 17
104 397 17
104 1755 17
26 397 17
1755 104 17
1755 104 17
1755 104 17
311 131 17
748 1787 17
302 1723 17
210 0 17
210 92 17
1284 1791 17
397 26 17
397 104 17
397 696 17
1770 1284 17
92 210 17
1342 11 17
1755 1345 17
830 1030 17
1030 830 17
1030 650 17
131 311 17
1791 1284 17
1791 619 17
1345 1755 17
1020 1448 17
285 1755 17
855 49 17
1723 302 17
1723 104 17
1723 430 17
1296 1770 17
1785 1343 17
1791 1041 17
1791 340 17
139 1643 17
0 210 17
1770 1296 17
0 311 17
430 1723 17
71 1791 17
0 1625 17
1625 0 17
0 1625 17
0 1625 17
1625 0 17
1625 0 17
1625 0 17
0 1625 17
0 1625 17
0 1625 17
0 1625 17
0 2 17
1755 1345 17
1755 285 17
1755 1643 17
26 397 17
1791 220 17
1296 1770 17
1542 482 17
651 26 17
651 104 17
1345 1755 17
1785 1307 17
1542 892 17
1542 334 17
1542 255 17
1542 587 17
1542 1213 17
1542 1028 17
1542 1375 17
1542 374 17
1542 594 17
1542 1254 17
1542 560 17
1542 873 17
1542 839 17
104 651 17
104 1723 17
104 397 17
1542 656 17
104 1755 17
1542 599 17
131 1490 17
1542 189 17
104 712 17
104 1542 17
1542 1259 17
1542 696 17
1542 104 17
1542 1045 17
1542 851 17
1755 1345 17
1542 522 17
1542 1384 17
1542 301 17
1542 442 17
1542 1674 17
1542 552 17
1542 942 17
311 131 17
311 0 17
2 1792 17
0 2 17
0 2 17
0 2 17
0 311 17
131 311 17
1542 317 17
767 1279 17
1433 1343 17
482 1542 17
397 104 17
397 26 17
397 26 17
285 1755 17
1254 1542 17
493 1435 17
582 820 17
696 1542 17
1755 285 17
1646 713 17
1755 1435 17
1490 131 17
1284 1791 17
1309 1791 17
248 1488 17
100 192 17
341 587 17
341 587 17
341 587 17
341 587 17
341 587 17
311 131 17
104 1542 17
104 397 17
317 1542 17
317 1284 17
1284 317 17
397 104 17
1723 104 17
1723 430 17
430 1723 17
619 1791 17
192 100 17
1435 493 17
1435 1755 17
846 817 17
817 846 17
397 1135 17
442 1542 17
846 817 17
817 846 17
897 1561 17
1755 1435 17
1755 104 17
31 817 17
1484 1755 17
1435 1755 17
1561 897 17
873 1542 17
1541 817 17
851 1542 17
104 1755 17
104 1723 17
104 397 17
808 911 17
846 817 17
397 104 17
143 1471 17
143 1757 17
1785 1254 17
2 1794 17
1749 1230 17
1471 143 17
817 1541 17
817 31 17
817 846 17
546 1168 17
897 1561 17
846 817 17
1723 104 17
1723 430 17
503 1739 17
1166 712 17
1749 1337 17
1749 1245 17
1279 767 17
1415 968 17
430 1723 17
31 817 17
493 1435 17
1561 897 17
651 1564 17
1723 430 17
1167 1749 17
104 1723 17
1749 1167 17
104 397 17
1167 1749 17
1749 1167 17
1541 817 17
143 1471 17
143 41 17
1167 1749 17
1182 1348 17
1471 143 17
104 1348 17
94 1795 17
94 560 17
1785 1584 17
1795 94 17
94 1795 17
104 139 17
1785 1343 17
66 1795 17
301 1542 17
1796 1797 17
0 2 17
0 43 17
0 35 17
0 2 17
340 1791 17
0 2 17
712 104 17
712 1166 17
712 1755 17
712 1058 17
1749 392 17
1166 712 17
430 1723 17
883 712 17
560 1542 17
341 560 17
560 94 17
560 341 17
560 1309 17
560 726 17
1126 817 17
66 1674 17
104 712 17
104 397 17
1435 493 17
996 1126 17
996 11 17
66 1780 17
397 104 17
1245 1749 17
1542 482 17
104 397 17
1542 696 17
1542 317 17
26 651 17
1542 442 17
1542 851 17
1542 560 17
1542 1394 17
1542 1552 17
1341 1080 17
696 1542 17
1542 1281 17
1542 696 17
1542 951 17
1542 973 17
1542 734 17
1542 38 17
1697 604 17
282 276 17
1542 1564 17
1542 696 17
1542 797 17
1542 834 17
1740 783 17
1542 616 17
1740 839 17
1058 712 17
1740 276 17
1740 1028 17
1740 1028 17
1740 390 17
1740 974 17
1740 58 17
1740 625 17
1740 522 17
1058 712 17
1749 1798 17
1798 7 17
968 1415 17
1542 1787 17
1798 1749 17
493 1435 17
341 560 17
1791 1284 17
1343 1433 17
1343 1785 17
1791 1309 17
1791 619 17
767 1279 17
1791 340 17
43 1799 17
1723 430 17
1723 104 17
94 1787 17
94 1788 17
560 1542 17
430 1723 17
560 341 17
1415 968 17
104 1723 17
651 26 17
1435 493 17
726 560 17
968 1755 17
341 560 17
1723 104 17
1723 430 17
139 556 17
556 139 17
817 1126 17
817 1541 17
817 31 17
817 846 17
139 556 17
482 1542 17
556 139 17
139 556 17
139 1280 17
1280 139 17
139 1280 17
139 1780 17
143 1471 17
139 556 17
1280 139 17
556 139 17
139 556 17
139 1280 17
556 139 17
1542 560 17
104 1723 17
340 1791 17
1542 482 17
1795 66 17
1542 1254 17
66 1795 17
1280 139 17
66 656 17
656 66 17
66 656 17
1795 66 17
656 66 17
66 656 17
66 1795 17
1230 1749 17
1785 1545 17
317 1542 17
1279 767 17
7 1798 17
220 1791 17
846 817 17
820 582 17
754 696 17
104 26 17
104 71 17
104 994 17
104 352 17
482 1542 17
1674 104 17
1674 846 17
1674 1542 17
1674 66 17
0 311 17
1674 31 17
1755 1484 17
1755 1435 17
1755 104 17
1755 968 17
1755 712 17
1126 817 17
1126 1795 17
1795 94 17
1795 1126 17
1542 317 17
26 104 17
1542 1674 17
1674 1542 17
1542 482 17
560 726 17
414 996 17
560 341 17
1749 1795 17
1749 560 17
560 1542 17
560 1749 17
341 560 17
430 1723 17
0 311 17
311 0 17
1168 546 17
1433 1343 17
846 1674 17
712 1166 17
1749 560 17
712 1755 17
726 560 17
712 1058 17
104 1755 17
104 1674 17
1166 712 17
1625 311 17
317 1542 17
26 619 17
285 1755 17
994 104 17
104 994 17
1058 712 17
104 1782 17
1791 340 17
1791 220 17
1755 712 17
1782 392 17
1755 285 17
1723 430 17
1723 104 17
560 341 17
1780 139 17
560 726 17
560 1749 17
1712 560 17
560 430 17
1712 560 17
174 94 17
560 1712 17
560 556 17
1712 560 17
556 560 17
817 1126 17
1284 1791 17
104 1723 17
1189 1284 17
1189 1110 17
1791 1284 17
846 1254 17
1254 846 17
430 560 17
1795 220 17
430 1795 17
430 560 17
341 560 17
341 1584 17
1749 560 17
341 842 17
842 341 17
341 842 17
341 842 17
1755 1254 17
1433 846 17
748 1723 17
1723 748 17
1723 104 17
560 1712 17
560 556 17
560 430 17
560 430 17
560 341 17
726 560 17
829 1747 17
560 1749 17
846 1433 17
430 560 17
619 26 17
1749 560 17
26 619 17
556 301 17
556 560 17
1254 1755 17
1755 1254 17
1755 482 17
1541 817 17
0 2 17
1542 1795 17
846 151 17
820 482 17
1674 846 17
846 842 17
842 846 17
0 651 17
482 820 17
482 1755 17
0 2 17
31 1674 17
1755 482 17
1749 560 17
1126 817 17
651 0 17
1051 1795 17
1542 1674 17
341 560 17
1542 560 17
1542 317 17
94 174 17
94 560 17
104 1723 17
846 842 17
11 996 17
1058 712 17
1723 104 17
104 1723 17
311 1625 17
0 651 17
104 1307 17
1723 104 17
502 1315 17
712 1058 17
1254 1755 17
1755 1254 17
1755 502 17
519 1791 17
360 1748 17
1284 1189 17
166 1757 17
1542 1342 17
1542 1581 17
1542 1311 17
560 726 17
560 430 17
1623 1542 17
1715 1623 17
1623 1715 17
560 1749 17
560 1749 17
560 556 17
1800 1801 17
560 1749 17
1800 1799 17
560 341 17
560 1542 17
556 560 17
560 94 17
560 556 17
430 560 17
430 560 17
842 846 17
341 560 17
1433 846 17
1311 1542 17
1311 1542 17
1484 1755 17
18 1802 17
18 1245 17
1245 18 17
18 1245 17
18 1245 17
560 556 17
560 430 17
1245 18 17
556 560 17
1541 1245 17
1245 1541 17
1245 1541 17
1541 1245 17
1541 1245 17
1245 1541 17
1541 1245 17
1245 1541 17
1541 43 17
1541 1245 17
1245 1541 17
1541 1245 17
1541 1749 17
1749 1541 17
1245 1541 17
1541 1245 17
1541 1245 17
1245 1541 17
1541 1245 17
1245 1541 17
1541 1245 17
1245 1541 17
1541 1245 17
1331 1623 17
1245 1541 17
1782 1245 17
1541 1245 17
104 1723 17
1245 1541 17
430 560 17
1785 1516 17
1516 1785 17
1795 430 17
1795 1051 17
1342 1542 17
430 1795 17
1342 1516 17
1785 1516 17
1625 311 17
846 1433 17
846 842 17
846 1674 17
1770 1339 17
0 2 17
1795 66 17
1674 846 17
1674 31 17
1674 1542 17
0 2 17
1761 1280 17
104 1674 17
1674 104 17
