1254 1755 18
414 1342 18
1755 1484 18
1542 1311 18
1542 1311 18
1542 1623 18
1542 560 18
1311 1542 18
94 1795 18
94 1245 18
1245 94 18
1315 502 18
1803 1542 18
1542 1803 18
1803 1542 18
104 1674 18
1542 1674 18
846 7 18
1542 1311 18
311 1625 18
1623 1331 18
1623 1542 18
1307 104 18
1307 1715 18
1542 1315 18
1311 1542 18
1729 1782 18
1788 94 18
1541 1245 18
1245 1541 18
1542 1311 18
1541 1245 18
1433 846 18
1542 1623 18
1245 1541 18
1623 1542 18
820 482 18
26 1284 18
482 820 18
1795 1749 18
104 1307 18
124 1795 18
1712 1245 18
124 130 18
1782 1729 18
842 846 18
1245 1712 18
560 556 18
560 430 18
560 1542 18
430 560 18
560 430 18
820 482 18
1342 414 18
1311 1542 18
43 1541 18
1795 1342 18
430 560 18
1685 1795 18
1795 1685 18
26 1685 18
1685 26 18
1685 1795 18
1795 1685 18
1712 867 18
1755 143 18
1541 43 18
143 1755 18
1541 1245 18
1755 143 18
414 1342 18
1755 211 18
94 1788 18
633 1795 18
1795 633 18
192 1804 18
192 1564 18
130 124 18
1795 94 18
633 1795 18
1331 1623 18
846 1433 18
1623 1331 18
556 560 18
1785 1279 18
1331 1584 18
26 1685 18
144 809 18
340 1337 18
1307 104 18
0 311 18
0 2 18
1625 311 18
1080 1341 18
1755 1254 18
1542 1623 18
1542 560 18
1542 1311 18
1803 1542 18
1803 1542 18
1803 1542 18
1245 1541 18
1623 1542 18
1331 1245 18
560 1542 18
0 311 18
680 1791 18
680 1788 18
1311 1542 18
455 142 18
726 560 18
1311 1542 18
1245 1331 18
748 1723 18
1279 1785 18
94 1245 18
94 560 18
1110 1189 18
94 1795 18
1602 1126 18
311 1625 18
1051 1795 18
1245 94 18
1542 1311 18
1542 1623 18
1542 560 18
35 0 18
223 620 18
104 1307 18
1623 1542 18
1331 1245 18
1331 712 18
1795 1051 18
223 1795 18
1311 1542 18
1723 748 18
493 1435 18
1245 1331 18
502 1755 18
502 1315 18
502 1315 18
620 223 18
1749 537 18
66 1795 18
1541 582 18
1508 846 18
1331 1245 18
1284 26 18
94 1245 18
94 1245 18
1126 1602 18
1245 94 18
223 769 18
223 769 18
223 620 18
1755 502 18
1564 192 18
867 94 18
94 867 18
867 94 18
94 867 18
867 94 18
94 867 18
867 94 18
94 867 18
867 94 18
94 867 18
867 94 18
94 867 18
867 94 18
1331 1245 18
537 614 18
1245 1331 18
614 537 18
104 1788 18
1041 1791 18
1623 1041 18
1623 397 18
1623 94 18
748 1723 18
11 1311 18
502 1755 18
397 1623 18
1311 11 18
1623 397 18
1782 1623 18
1623 1782 18
1782 1623 18
1782 1623 18
1623 1782 18
1623 1782 18
1782 1623 18
1623 1782 18
1782 1623 18
1541 1245 18
1723 748 18
1795 223 18
192 1564 18
1342 1795 18
1342 414 18
1755 502 18
1245 1541 18
1623 1755 18
620 223 18
1516 1785 18
1516 1342 18
174 94 18
1795 124 18
11 1311 18
11 1342 18
11 142 18
414 996 18
1715 1795 18
124 1795 18
502 1755 18
1541 1245 18
414 1342 18
560 1542 18
560 726 18
560 94 18
809 144 18
809 174 18
1284 392 18
1342 11 18
1342 414 18
1342 1516 18
94 1623 18
1755 1623 18
1623 94 18
1623 1755 18
1755 502 18
1755 1623 18
502 1755 18
392 1284 18
1284 392 18
174 809 18
414 1342 18
104 614 18
1780 1782 18
18 1245 18
1372 1791 18
104 1372 18
104 174 18
1342 414 18
104 1780 18
104 782 18
1311 11 18
1780 104 18
104 1780 18
104 1623 18
1623 104 18
414 1342 18
104 1623 18
1780 104 18
1623 104 18
104 1780 18
104 1623 18
1795 94 18
1795 1715 18
104 31 18
31 104 18
104 31 18
31 1674 18
31 1788 18
31 124 18
1782 1780 18
1780 1782 18
1782 1780 18
1780 1782 18
1782 1780 18
1780 1782 18
614 104 18
1782 1780 18
1780 1782 18
1782 1780 18
104 614 18
1780 1782 18
1782 1780 18
1780 1782 18
1782 1780 18
1780 1782 18
1782 1780 18
1780 1782 18
1782 1780 18
1780 1782 18
1397 855 18
1782 1780 18
1780 1782 18
1782 1780 18
31 1254 18
31 104 18
104 31 18
1584 1331 18
1584 1279 18
104 1584 18
1584 104 18
104 1584 18
104 43 18
1342 414 18
1542 1311 18
1311 1542 18
1542 560 18
1311 1542 18
1542 1311 18
1311 1542 18
1542 1311 18
1542 1311 18
1311 1542 18
1311 1542 18
1542 1311 18
1542 1311 18
1311 1542 18
94 1245 18
1311 1542 18
1542 1311 18
1311 1542 18
1311 1542 18
1542 1311 18
1311 1542 18
1542 1311 18
1311 1542 18
1542 1311 18
1311 1542 18
94 1795 18
1542 1311 18
1311 1542 18
1542 1311 18
1311 1542 18
1542 1311 18
174 104 18
614 104 18
1252 491 18
104 174 18
104 614 18
104 1729 18
414 1342 18
414 1780 18
1687 276 18
392 1284 18
18 1623 18
18 1045 18
1623 18 18
18 1623 18
18 1623 18
18 1805 18
18 1805 18
1623 18 18
18 1623 18
94 1623 18
18 1644 18
18 1644 18
18 433 18
614 104 18
18 1623 18
18 442 18
18 442 18
18 442 18
104 614 18
1748 360 18
18 1748 18
966 307 18
1331 1584 18
1545 1785 18
1545 1553 18
1279 1584 18
1674 31 18
1674 1542 18
26 1284 18
1542 1674 18
522 584 18
1623 18 18
1623 94 18
712 695 18
712 1058 18
638 104 18
1790 573 18
1782 522 18
1058 712 18
1435 517 18
1806 2 18
31 104 18
1473 1492 18
1473 1792 18
1473 1374 18
31 1674 18
1755 502 18
104 31 18
104 638 18
1806 2 18
31 104 18
94 1623 18
1623 94 18
31 1806 18
1623 696 18
1806 31 18
1623 104 18
1542 638 18
1542 1807 18
502 1755 18
560 1542 18
104 1623 18
104 31 18
1712 502 18
104 366 18
769 1020 18
769 310 18
104 594 18
769 594 18
1284 392 18
1755 502 18
1284 26 18
502 1755 18
502 1712 18
1623 104 18
1755 502 18
104 1623 18
1342 414 18
414 1342 18
1342 414 18
1623 104 18
414 1342 18
104 1623 18
414 1342 18
1623 104 18
104 1623 18
1623 104 18
1623 104 18
1435 143 18
104 1623 18
104 1131 18
1131 104 18
104 1131 18
1623 104 18
855 1397 18
104 1623 18
1131 104 18
1623 104 18
143 1435 18
104 1131 18
104 1623 18
104 1770 18
1544 1331 18
1331 1544 18
1685 830 18
1685 1131 18
830 1685 18
1685 830 18
830 1685 18
1486 1625 18
1685 830 18
830 1685 18
1397 855 18
1685 830 18
104 1026 18
1685 782 18
392 1284 18
830 1685 18
830 1685 18
31 104 18
31 1806 18
31 1748 18
31 1808 18
31 104 18
104 31 18
307 966 18
1542 560 18
18 1623 18
502 1755 18
104 696 18
1623 18 18
966 307 18
104 179 18
104 1167 18
179 104 18
104 179 18
179 104 18
104 179 18
1755 502 18
301 556 18
26 1284 18
585 395 18
712 1058 18
2 1806 18
0 35 18
1542 1617 18
502 1755 18
399 709 18
1755 502 18
502 1755 18
1561 502 18
1755 502 18
809 174 18
726 560 18
104 1623 18
1623 104 18
1685 696 18
1685 26 18
26 1685 18
1623 1809 18
1372 104 18
502 1755 18
502 1561 18
1755 502 18
1288 638 18
767 1279 18
502 1755 18
1279 767 18
1755 502 18
1716 1025 18
582 1541 18
1791 1643 18
104 1372 18
104 1623 18
673 568 18
1492 1473 18
1284 1599 18
1331 1544 18
1602 1126 18
430 982 18
341 1602 18
259 1782 18
1131 1685 18
356 524 18
1755 244 18
501 1396 18
855 1397 18
1342 414 18
1342 414 18
1581 1542 18
414 1342 18
1581 1584 18
18 1623 18
1729 104 18
104 1729 18
1782 1729 18
1729 1782 18
1782 1729 18
1729 1782 18
1782 1729 18
1729 1782 18
1782 1729 18
604 1697 18
1782 220 18
1755 1484 18
1542 1581 18
709 399 18
709 244 18
502 1755 18
1561 502 18
1792 1473 18
41 1279 18
1712 2 18
179 2 18
66 179 18
179 66 18
2 1712 18
66 179 18
179 2 18
2 179 18
1712 2 18
179 66 18
66 179 18
179 66 18
66 179 18
179 66 18
66 179 18
179 66 18
179 66 18
66 179 18
104 1131 18
2 179 18
1755 502 18
502 1755 18
1755 502 18
1396 501 18
8 1189 18
1584 1581 18
712 1058 18
62 493 18
11 1311 18
11 1342 18
94 1623 18
94 174 18
94 560 18
94 1189 18
94 1321 18
1311 11 18
1810 524 18
1542 1311 18
502 1755 18
66 696 18
104 1623 18
104 560 18
1623 104 18
560 94 18
104 1623 18
1623 104 18
524 1810 18
524 1810 18
524 356 18
1810 524 18
104 1623 18
1623 104 18
1342 414 18
1755 502 18
104 1623 18
414 1342 18
1623 104 18
104 1623 18
1623 104 18
104 1623 18
1623 104 18
104 1623 18
1623 104 18
104 1623 18
1623 104 18
104 1623 18
1623 104 18
1131 104 18
104 1131 18
104 1623 18
1131 104 18
1623 104 18
104 1131 18
104 1623 18
1623 455 18
1623 104 18
455 1623 18
1623 455 18
104 1623 18
1623 104 18
455 1623 18
455 1623 18
1623 455 18
104 1623 18
1623 455 18
455 1623 18
455 1623 18
1623 104 18
1623 455 18
1623 455 18
104 1623 18
1623 104 18
455 1131 18
455 1623 18
104 1623 18
1623 455 18
1623 104 18
455 1623 18
455 1623 18
1623 455 18
104 1623 18
1623 104 18
104 1623 18
1623 104 18
104 1623 18
1623 104 18
104 1623 18
560 1542 18
1279 41 18
560 104 18
104 560 18
560 726 18
560 104 18
1811 1812 18
1028 1740 18
104 560 18
524 1810 18
1801 1800 18
1761 1280 18
537 223 18
223 537 18
1189 8 18
1782 537 18
223 537 18
968 1668 18
1668 968 18
1280 1761 18
966 26 18
537 223 18
537 1782 18
537 223 18
502 1755 18
1740 1795 18
1471 846 18
