1755 502 19
26 966 19
1542 560 19
142 11 19
1041 1623 19
502 1755 19
223 537 19
356 524 19
356 524 19
1755 502 19
1623 1041 19
1623 1339 19
712 1058 19
537 223 19
11 1311 19
223 537 19
1311 11 19
1311 1542 19
537 223 19
223 537 19
1542 1311 19
537 223 19
223 537 19
271 673 19
1279 1286 19
1584 1668 19
502 1755 19
1668 1584 19
1810 1813 19
243 141 19
1623 1810 19
1813 1810 19
1755 502 19
1810 1623 19
1623 1810 19
174 809 19
1473 1792 19
1473 1374 19
502 1755 19
1755 502 19
244 709 19
1755 1623 19
1623 1755 19
1623 104 19
1755 1623 19
104 1623 19
1623 1755 19
1623 104 19
104 1623 19
1755 1623 19
1623 104 19
584 522 19
968 1668 19
104 1623 19
1623 1755 19
1623 104 19
395 585 19
1623 223 19
104 1623 19
695 712 19
560 1542 19
560 104 19
356 1795 19
1487 297 19
1342 414 19
1342 11 19
1795 66 19
104 560 19
1668 968 19
1311 1542 19
560 104 19
104 560 19
1581 1542 19
104 873 19
1761 1280 19
1584 1668 19
493 62 19
1584 1348 19
414 1342 19
1025 1716 19
422 1025 19
1025 422 19
1337 1814 19
1668 1584 19
104 1770 19
104 473 19
1185 1815 19
1166 395 19
1166 808 19
1542 1581 19
1542 1311 19
1542 560 19
1542 1623 19
712 695 19
1311 1542 19
517 1435 19
1623 1542 19
1810 524 19
297 1487 19
1785 1343 19
1435 517 19
968 1668 19
502 1755 19
1542 1311 19
1542 1623 19
1755 502 19
62 493 19
524 1810 19
1624 104 19
1487 297 19
846 1487 19
502 1755 19
1361 1607 19
1755 502 19
1602 341 19
1311 1542 19
341 1602 19
455 1312 19
502 1755 19
695 712 19
1311 1343 19
104 1624 19
524 356 19
104 1730 19
1755 502 19
1755 1623 19
1345 1313 19
1312 455 19
502 1755 19
414 1466 19
1668 968 19
1755 502 19
11 1342 19
11 1311 19
11 142 19
1343 1311 19
1343 1785 19
1166 1049 19
502 1755 19
846 1279 19
1755 502 19
1542 1311 19
493 62 19
1311 1343 19
1311 1542 19
1311 1343 19
1315 1542 19
1315 502 19
517 1435 19
522 31 19
522 181 19
522 1634 19
522 140 19
522 1331 19
522 1148 19
522 1816 19
522 628 19
522 35 19
522 874 19
522 611 19
522 88 19
522 1805 19
522 63 19
522 1113 19
522 898 19
522 1817 19
522 590 19
522 14 19
522 1379 19
522 1181 19
522 1818 19
522 1819 19
522 69 19
522 43 19
522 919 19
522 110 19
522 171 19
522 136 19
522 417 19
522 1820 19
522 297 19
522 1821 19
522 707 19
522 1822 19
522 798 19
522 1136 19
522 845 19
522 1540 19
522 1565 19
522 1040 19
522 1393 19
522 327 19
522 333 19
522 811 19
522 117 19
522 1823 19
522 1824 19
522 121 19
522 1591 19
522 1825 19
522 1826 19
522 1342 19
522 1021 19
522 1813 19
1031 522 19
1623 1755 19
1813 174 19
1813 7 19
1813 522 19
11 1807 19
1309 560 19
104 1788 19
356 524 19
1309 1791 19
395 1471 19
524 356 19
1343 1311 19
430 560 19
1471 395 19
1607 1361 19
142 11 19
1435 517 19
1311 1386 19
11 142 19
1640 1618 19
1361 1607 19
94 625 19
104 1770 19
104 366 19
1807 11 19
1807 94 19
11 1807 19
94 1807 19
1788 680 19
1788 1471 19
1471 1788 19
1770 104 19
1788 1471 19
104 1770 19
1607 1361 19
1471 1788 19
1770 104 19
104 1770 19
1770 104 19
104 1770 19
1770 104 19
104 1788 19
104 1770 19
1788 104 19
104 1788 19
1770 1788 19
1770 104 19
1685 1788 19
104 1770 19
1788 1685 19
1788 1770 19
1788 104 19
104 1788 19
1770 1788 19
1788 1770 19
1788 104 19
1770 1788 19
104 1788 19
1788 104 19
104 1788 19
1788 104 19
104 1788 19
1788 104 19
104 1788 19
502 1755 19
1685 26 19
846 151 19
151 846 19
151 846 19
846 151 19
151 846 19
1791 1309 19
1279 846 19
1668 1640 19
1785 1279 19
392 192 19
1674 31 19
1674 1542 19
1782 1674 19
1674 1782 19
1782 1674 19
94 1402 19
1051 1795 19
546 1245 19
1051 1788 19
808 1166 19
1331 522 19
1807 11 19
1807 94 19
1245 546 19
1279 1785 19
1782 1182 19
192 392 19
1386 1311 19
560 430 19
560 1309 19
560 104 19
104 560 19
560 1542 19
560 104 19
11 1807 19
174 1813 19
1311 1386 19
1647 718 19
1166 808 19
1807 11 19
1166 808 19
31 522 19
31 1674 19
11 1807 19
11 31 19
11 397 19
430 560 19
1542 51 19
1309 560 19
62 493 19
1740 782 19
522 31 19
522 1331 19
619 26 19
808 1166 19
581 26 19
0 1625 19
1674 31 19
1674 1782 19
26 619 19
1807 11 19
1487 846 19
1166 808 19
397 11 19
397 11 19
1484 1755 19
546 1245 19
1542 1674 19
619 26 19
846 1487 19
1542 560 19
26 619 19
808 1166 19
808 1166 19
1755 502 19
1755 1484 19
1623 455 19
104 560 19
767 1279 19
1166 808 19
493 62 19
1813 174 19
31 1402 19
104 1394 19
1539 47 19
1539 248 19
11 397 19
11 867 19
11 1807 19
11 1245 19
1279 767 19
619 26 19
26 619 19
104 696 19
104 696 19
1131 340 19
397 11 19
104 1623 19
1623 104 19
104 1623 19
1623 104 19
104 1623 19
1623 104 19
104 1623 19
1623 104 19
1712 560 19
104 1623 19
1755 1628 19
1623 104 19
174 1813 19
104 1623 19
1623 104 19
104 1623 19
1623 104 19
104 1623 19
1623 104 19
104 1623 19
1623 104 19
104 1623 19
867 11 19
1623 104 19
11 867 19
11 867 19
867 11 19
11 397 19
867 11 19
11 867 19
397 11 19
104 1623 19
11 867 19
867 11 19
11 867 19
867 11 19
1623 104 19
11 867 19
11 397 19
867 11 19
1623 397 19
104 1623 19
1623 104 19
11 867 19
104 1623 19
867 11 19
11 867 19
867 11 19
11 867 19
1623 104 19
397 11 19
104 1623 19
867 11 19
1623 104 19
11 1623 19
1623 11 19
397 1623 19
11 867 19
11 1623 19
1623 397 19
1623 11 19
11 1623 19
1623 11 19
11 1623 19
11 867 19
1623 11 19
867 11 19
867 11 19
397 1623 19
104 1623 19
1623 104 19
1623 397 19
397 1623 19
397 1623 19
1623 397 19
1623 397 19
397 1623 19
1623 397 19
397 1623 19
1623 397 19
397 1623 19
1623 397 19
397 1623 19
1623 397 19
397 1623 19
1623 397 19
397 1623 19
1623 397 19
397 1623 19
397 1623 19
397 1623 19
104 1623 19
1623 397 19
1623 397 19
1623 104 19
104 1623 19
397 1623 19
1623 104 19
1487 846 19
104 1623 19
31 11 19
11 31 19
1544 1331 19
1544 1555 19
1782 203 19
1216 1343 19
782 1740 19
104 1742 19
846 1020 19
220 1782 19
220 1795 19
104 414 19
414 104 19
104 414 19
104 926 19
1313 1345 19
31 11 19
560 1712 19
560 104 19
560 1542 19
712 695 19
560 430 19
560 1309 19
1788 1051 19
1788 35 19
1788 455 19
1623 455 19
455 1788 19
430 560 19
1166 453 19
104 560 19
1361 1607 19
680 1788 19
809 174 19
333 522 19
1343 1216 19
40 1827 19
40 1806 19
40 175 19
40 175 19
40 175 19
40 175 19
40 175 19
40 175 19
1712 494 19
11 31 19
455 1541 19
1245 546 19
1782 1245 19
31 1828 19
1712 616 19
174 809 19
1607 1361 19
50 1435 19
969 1640 19
1697 604 19
1541 455 19
1309 560 19
11 867 19
1041 1623 19
62 493 19
455 1541 19
455 414 19
1584 1787 19
1541 455 19
1182 1782 19
1797 1796 19
502 1755 19
297 969 19
455 1541 19
428 1166 19
1542 560 19
1166 428 19
867 11 19
1755 502 19
1555 1544 19
1236 842 19
1541 455 19
414 1675 19
455 1541 19
517 1829 19
1623 1041 19
192 392 19
1245 546 19
546 1245 19
982 430 19
248 1539 19
1541 455 19
493 62 19
430 982 19
455 1541 19
1435 50 19
94 1807 19
581 1435 19
1623 455 19
455 1623 19
1623 455 19
1623 455 19
1623 1397 19
1397 1623 19
1397 1623 19
1623 1397 19
1623 1397 19
1397 1623 19
1623 1397 19
1397 1623 19
1542 404 19
1623 1397 19
1397 1623 19
1623 1397 19
1623 718 19
1126 1748 19
50 1774 19
1623 1397 19
842 1236 19
1541 455 19
455 1541 19
455 1096 19
1245 546 19
1782 404 19
428 1166 19
414 1342 19
1623 455 19
62 493 19
672 1126 19
50 1435 19
1345 1313 19
1591 522 19
493 62 19
672 414 19
414 672 19
672 414 19
414 672 19
672 414 19
1814 1337 19
1640 969 19
200 142 19
94 1623 19
979 1602 19
522 333 19
