173 334 2
316 307 2
385 398 2
307 372 2
35 427 2
307 310 2
35 412 2
341 7 2
341 62 2
40 406 2
397 5 2
397 404 2
288 391 2
397 334 2
428 241 2
296 233 2
31 428 2
423 143 2
320 391 2
428 31 2
31 428 2
320 391 2
320 391 2
288 391 2
320 391 2
320 370 2
320 391 2
429 163 2
429 57 2
288 391 2
320 391 2
423 259 2
320 391 2
430 370 2
288 391 2
430 31 2
423 174 2
404 262 2
430 87 2
431 7 2
288 391 2
26 413 2
397 404 2
320 391 2
428 308 2
430 406 2
430 406 2
430 364 2
430 31 2
320 391 2
288 391 2
320 391 2
288 391 2
241 428 2
423 314 2
288 391 2
288 391 2
50 428 2
320 391 2
31 7 2
262 404 2
309 404 2
430 406 2
262 71 2
62 429 2
143 282 2
397 7 2
394 7 2
397 7 2
40 299 2
377 424 2
188 7 2
387 211 2
404 262 2
341 193 2
280 262 2
55 344 2
55 153 2
55 339 2
262 404 2
262 404 2
211 387 2
333 357 2
408 412 2
408 190 2
408 49 2
432 433 2
188 357 2
404 262 2
349 334 2
349 375 2
102 391 2
434 307 2
434 280 2
371 408 2
371 391 2
349 435 2
102 391 2
433 432 2
371 211 2
371 428 2
31 429 2
71 262 2
371 235 2
262 404 2
322 412 2
371 428 2
428 31 2
428 241 2
173 334 2
371 428 2
404 262 2
371 406 2
43 431 2
241 428 2
397 404 2
61 265 2
349 375 2
61 265 2
61 265 2
61 265 2
397 404 2
144 280 2
388 61 2
388 67 2
388 61 2
339 55 2
390 262 2
390 348 2
390 233 2
26 413 2
227 391 2
356 406 2
285 415 2
391 227 2
430 406 2
73 436 2
320 51 2
399 322 2
67 388 2
344 55 2
394 174 2
203 431 2
203 297 2
144 280 2
29 391 2
399 428 2
399 364 2
29 391 2
235 406 2
227 391 2
29 391 2
399 391 2
399 51 2
399 51 2
235 259 2
235 190 2
305 437 2
386 385 2
391 227 2
391 29 2
316 307 2
316 280 2
322 275 2
322 394 2
399 391 2
399 364 2
399 322 2
399 187 2
399 187 2
399 156 2
438 439 2
406 235 2
399 364 2
395 424 2
399 51 2
397 404 2
397 5 2
51 200 2
399 143 2
399 313 2
399 81 2
31 428 2
399 427 2
399 427 2
399 395 2
190 235 2
288 390 2
123 395 2
235 190 2
399 322 2
399 391 2
440 441 2
440 441 2
440 441 2
190 235 2
144 280 2
50 313 2
399 440 2
227 391 2
315 354 2
399 442 2
399 443 2
399 444 2
399 444 2
399 444 2
399 444 2
399 445 2
395 123 2
446 324 2
123 395 2
259 447 2
259 282 2
378 73 2
406 395 2
395 406 2
406 395 2
259 235 2
123 395 2
395 406 2
233 390 2
288 448 2
395 123 2
446 5 2
68 449 2
320 391 2
123 395 2
123 395 2
446 5 2
28 442 2
123 395 2
423 174 2
446 5 2
428 208 2
428 371 2
450 31 2
450 66 2
320 436 2
428 31 2
123 451 2
296 371 2
123 395 2
296 271 2
296 233 2
399 395 2
307 280 2
280 307 2
31 428 2
307 280 2
356 406 2
307 280 2
280 307 2
395 123 2
210 211 2
356 428 2
399 428 2
280 307 2
428 31 2
123 395 2
356 7 2
307 280 2
408 412 2
399 395 2
31 428 2
408 5 2
395 123 2
399 428 2
123 395 2
356 64 2
399 395 2
399 395 2
131 148 2
424 377 2
452 31 2
301 392 2
424 51 2
288 64 2
371 391 2
371 428 2
356 453 2
391 227 2
26 413 2
322 454 2
296 371 2
309 404 2
322 97 2
322 97 2
316 315 2
455 456 2
367 440 2
322 457 2
388 453 2
73 378 2
377 424 2
322 87 2
40 388 2
87 322 2
73 458 2
175 444 2
322 87 2
322 87 2
273 5 2
40 436 2
40 388 2
322 87 2
371 391 2
322 280 2
371 391 2
43 295 2
387 211 2
139 200 2
139 200 2
273 73 2
388 67 2
43 73 2
40 388 2
322 87 2
43 295 2
273 415 2
87 322 2
322 87 2
171 459 2
273 5 2
388 235 2
273 5 2
87 322 2
371 460 2
235 190 2
459 171 2
371 460 2
43 73 2
273 461 2
43 295 2
301 371 2
280 322 2
296 371 2
273 5 2
0 210 2
61 388 2
175 462 2
302 193 2
235 406 2
175 462 2
43 73 2
235 388 2
40 462 2
43 73 2
171 459 2
18 442 2
18 445 2
43 73 2
211 371 2
288 64 2
459 171 2
296 371 2
349 375 2
102 463 2
102 463 2
296 171 2
296 371 2
446 5 2
446 171 2
40 462 2
102 463 2
464 455 2
175 462 2
40 462 2
446 455 2
465 391 2
397 73 2
397 73 2
40 462 2
388 235 2
388 67 2
175 462 2
397 73 2
395 424 2
397 73 2
388 466 2
43 73 2
397 73 2
285 467 2
397 133 2
397 395 2
377 395 2
397 462 2
163 429 2
133 397 2
397 163 2
397 462 2
397 133 2
235 388 2
43 73 2
395 377 2
388 235 2
262 408 2
408 262 2
468 462 2
139 469 2
262 408 2
18 133 2
423 174 2
408 262 2
462 468 2
397 462 2
377 395 2
397 462 2
320 391 2
468 462 2
395 377 2
397 364 2
397 470 2
320 459 2
397 467 2
462 468 2
40 436 2
468 462 2
37 287 2
37 364 2
37 287 2
37 436 2
468 462 2
37 287 2
37 287 2
37 287 2
37 287 2
377 395 2
395 377 2
8 390 2
37 436 2
471 262 2
37 287 2
40 436 2
40 472 2
8 281 2
37 287 2
37 287 2
356 408 2
262 471 2
356 436 2
471 262 2
37 287 2
37 287 2
395 377 2
37 287 2
356 408 2
102 463 2
66 31 2
408 348 2
356 404 2
37 287 2
102 133 2
406 235 2
356 408 2
18 408 2
37 408 2
66 395 2
211 471 2
356 408 2
66 377 2
211 471 2
102 463 2
356 408 2
473 31 2
473 455 2
473 73 2
356 408 2
428 31 2
356 463 2
428 371 2
474 367 2
356 408 2
262 331 2
423 342 2
423 404 2
40 406 2
356 408 2
356 475 2
316 308 2
356 408 2
476 0 2
356 408 2
66 395 2
356 459 2
211 471 2
320 459 2
356 408 2
18 408 2
18 408 2
37 408 2
356 167 2
356 408 2
18 408 2
262 459 2
18 408 2
356 408 2
18 477 2
37 477 2
18 408 2
37 463 2
18 408 2
37 404 2
356 408 2
18 408 2
262 471 2
5 471 2
18 408 2
356 408 2
18 408 2
18 408 2
262 478 2
397 404 2
320 459 2
18 408 2
320 459 2
18 408 2
356 408 2
474 367 2
18 408 2
479 211 2
320 459 2
211 479 2
478 262 2
211 479 2
66 395 2
372 307 2
211 480 2
211 480 2
356 408 2
211 480 2
474 367 2
367 459 2
397 364 2
356 408 2
320 262 2
320 481 2
459 367 2
320 211 2
356 408 2
482 367 2
367 459 2
371 428 2
211 480 2
18 408 2
358 459 2
459 358 2
397 174 2
5 480 2
358 459 2
480 5 2
482 367 2
276 481 2
391 465 2
276 480 2
5 480 2
391 465 2
211 480 2
276 480 2
480 5 2
5 480 2
480 5 2
281 33 2
18 480 2
320 459 2
276 481 2
5 480 2
465 391 2
276 480 2
273 5 2
320 391 2
391 465 2
371 459 2
18 108 2
273 480 2
320 453 2
320 391 2
482 367 2
371 465 2
459 358 2
367 482 2
422 342 2
480 5 2
422 453 2
276 481 2
483 371 2
320 391 2
320 87 2
309 404 2
273 480 2
320 375 2
482 367 2
480 5 2
356 465 2
273 480 2
397 253 2
320 342 2
276 480 2
273 375 2
320 391 2
273 480 2
320 459 2
356 119 2
459 371 2
483 371 2
397 71 2
276 481 2
320 351 2
235 406 2
276 480 2
320 459 2
371 459 2
320 471 2
320 190 2
367 482 2
422 463 2
130 367 2
320 277 2
320 391 2
459 371 2
227 313 2
320 459 2
320 391 2
320 404 2
371 459 2
356 479 2
320 391 2
281 213 2
371 481 2
276 351 2
130 367 2
320 391 2
308 351 2
288 391 2
320 480 2
235 388 2
484 174 2
320 391 2
397 479 2
320 7 2
130 367 2
288 391 2
320 287 2
371 481 2
371 481 2
371 481 2
406 235 2
320 391 2
320 459 2
171 485 2
320 287 2
459 371 2
482 367 2
192 62 2
320 480 2
320 287 2
66 395 2
320 391 2
320 312 2
462 468 2
320 308 2
320 391 2
320 74 2
320 367 2
320 119 2
422 391 2
478 480 2
320 486 2
320 174 2
480 478 2
320 74 2
320 463 2
478 480 2
307 434 2
422 391 2
171 487 2
320 348 2
296 74 2
320 308 2
371 459 2
478 357 2
483 371 2
320 478 2
438 439 2
320 449 2
367 482 2
316 280 2
320 312 2
320 367 2
483 371 2
320 488 2
320 367 2
320 71 2
139 307 2
482 367 2
320 235 2
316 428 2
320 357 2
320 486 2
171 459 2
320 475 2
482 478 2
320 71 2
367 482 2
320 367 2
320 375 2
478 7 2
320 486 2
320 367 2
474 480 2
50 488 2
320 367 2
320 71 2
276 171 2
482 478 2
408 7 2
482 367 2
483 371 2
50 148 2
18 408 2
388 67 2
18 108 2
320 479 2
316 478 2
320 375 2
18 408 2
320 375 2
423 174 2
388 235 2
388 61 2
18 301 2
320 235 2
320 324 2
375 5 2
349 375 2
50 475 2
320 489 2
320 490 2
320 371 2
320 343 2
320 364 2
320 401 2
50 465 2
320 227 2
320 171 2
401 280 2
320 173 2
18 301 2
262 343 2
235 388 2
8 281 2
50 119 2
482 367 2
235 406 2
491 388 2
492 127 2
493 62 2
491 342 2
493 388 2
127 492 2
8 465 2
446 50 2
446 50 2
8 471 2
8 462 2
388 235 2
8 464 2
423 494 2
307 262 2
139 307 2
8 388 2
493 388 2
262 307 2
493 388 2
8 459 2
493 462 2
235 190 2
493 388 2
446 371 2
493 388 2
227 462 2
399 428 2
493 444 2
399 364 2
208 436 2
493 428 2
399 391 2
8 388 2
399 60 2
8 388 2
235 388 2
18 301 2
208 428 2
8 7 2
8 176 2
399 395 2
399 471 2
388 235 2
399 453 2
399 453 2
262 453 2
399 342 2
471 262 2
482 367 2
18 408 2
18 408 2
408 301 2
18 408 2
8 388 2
399 388 2
482 367 2
367 235 2
262 388 2
43 18 2
465 371 2
367 467 2
482 367 2
335 332 2
262 296 2
467 299 2
399 391 2
474 467 2
474 467 2
465 50 2
482 367 2
474 495 2
483 371 2
478 277 2
371 465 2
482 367 2
404 262 2
404 262 2
465 371 2
296 262 2
483 371 2
102 479 2
474 495 2
399 391 2
482 367 2
496 404 2
262 404 2
371 465 2
296 262 2
404 496 2
496 404 2
102 453 2
262 296 2
235 367 2
296 262 2
404 262 2
404 496 2
320 364 2
388 262 2
320 404 2
102 436 2
497 494 2
496 404 2
404 496 2
262 296 2
320 404 2
367 235 2
320 436 2
296 262 2
496 404 2
483 371 2
211 371 2
399 391 2
235 388 2
262 296 2
296 262 2
235 367 2
354 315 2
354 101 2
367 235 2
388 235 2
496 301 2
262 296 2
343 262 2
296 262 2
262 343 2
482 367 2
102 436 2
497 96 2
320 391 2
193 498 2
193 302 2
193 183 2
52 480 2
495 474 2
474 495 2
193 343 2
62 192 2
495 453 2
61 367 2
495 474 2
193 59 2
5 375 2
40 436 2
193 181 2
296 288 2
193 367 2
474 495 2
0 476 2
320 499 2
193 208 2
296 288 2
61 453 2
320 490 2
193 61 2
500 235 2
262 296 2
61 480 2
320 501 2
500 235 2
61 348 2
320 501 2
500 235 2
296 262 2
500 235 2
320 501 2
61 235 2
500 235 2
296 262 2
308 501 2
5 342 2
320 501 2
501 308 2
331 262 2
193 222 2
320 391 2
320 501 2
308 501 2
378 73 2
320 391 2
320 391 2
5 83 2
501 308 2
378 288 2
61 464 2
61 235 2
262 296 2
500 235 2
262 296 2
308 501 2
61 501 2
262 502 2
501 308 2
220 367 2
296 262 2
501 61 2
378 288 2
320 391 2
502 262 2
320 479 2
378 73 2
193 61 2
378 288 2
320 391 2
61 501 2
391 501 2
378 288 2
501 61 2
193 61 2
333 61 2
501 391 2
296 262 2
180 453 2
391 501 2
61 501 2
320 391 2
501 391 2
193 61 2
320 494 2
61 235 2
501 61 2
391 501 2
61 501 2
501 391 2
501 391 2
333 61 2
501 61 2
193 61 2
61 501 2
262 296 2
320 436 2
333 436 2
193 61 2
320 503 2
180 494 2
180 293 2
193 61 2
219 504 2
193 61 2
219 87 2
102 436 2
127 324 2
127 61 2
127 61 2
127 61 2
61 127 2
500 235 2
500 235 2
500 235 2
500 235 2
500 235 2
500 235 2
59 295 2
31 428 2
482 367 2
69 173 2
8 465 2
69 481 2
69 481 2
428 371 2
397 404 2
397 96 2
288 96 2
341 193 2
452 263 2
428 208 2
428 31 2
341 453 2
446 371 2
208 193 2
320 436 2
320 315 2
320 208 2
347 337 2
315 354 2
320 505 2
320 315 2
320 506 2
320 208 2
315 262 2
320 315 2
320 347 2
262 315 2
262 315 2
315 262 2
354 315 2
262 315 2
262 315 2
354 315 2
315 354 2
315 262 2
354 315 2
315 354 2
343 262 2
315 354 2
343 193 2
354 315 2
315 354 2
31 153 2
430 397 2
211 479 2
430 371 2
430 371 2
211 302 2
211 371 2
430 453 2
430 453 2
430 453 2
354 315 2
404 507 2
397 404 2
397 253 2
507 404 2
473 73 2
40 502 2
357 478 2
508 453 2
371 507 2
193 455 2
430 371 2
371 354 2
259 235 2
259 50 2
175 452 2
302 211 2
302 193 2
430 371 2
507 371 2
320 453 2
320 357 2
453 262 2
210 193 2
26 183 2
453 495 2
453 180 2
67 436 2
390 288 2
262 256 2
453 509 2
455 193 2
447 351 2
180 453 2
73 378 2
73 378 2
349 364 2
68 449 2
68 262 2
295 193 2
52 480 2
68 123 2
371 507 2
43 431 2
371 459 2
33 312 2
43 371 2
52 253 2
43 33 2
324 127 2
446 324 2
43 510 2
446 33 2
127 324 2
324 127 2
211 262 2
211 47 2
18 511 2
298 398 2
127 324 2
211 210 2
459 371 2
322 280 2
512 387 2
512 513 2
464 61 2
322 87 2
322 123 2
439 512 2
316 307 2
473 73 2
473 31 2
421 364 2
262 211 2
61 453 2
61 480 2
61 464 2
421 459 2
100 514 2
452 515 2
227 391 2
464 61 2
473 235 2
516 367 2
288 390 2
516 67 2
378 73 2
516 288 2
378 449 2
358 459 2
464 397 2
378 431 2
431 378 2
296 247 2
473 235 2
296 271 2
180 431 2
367 193 2
280 401 2
280 322 2
367 220 2
424 377 2
424 395 2
367 358 2
367 308 2
358 367 2
367 358 2
358 367 2
341 453 2
473 358 2
293 50 2
367 358 2
358 367 2
61 464 2
61 480 2
516 367 2
61 367 2
473 358 2
516 358 2
8 464 2
367 358 2
473 358 2
8 390 2
358 367 2
8 193 2
367 358 2
358 367 2
473 358 2
193 210 2
367 358 2
193 455 2
358 367 2
371 459 2
367 358 2
473 31 2
358 367 2
315 354 2
377 424 2
473 358 2
377 395 2
367 358 2
358 367 2
367 358 2
464 61 2
358 367 2
358 367 2
31 208 2
517 344 2
367 358 2
455 193 2
18 518 2
18 518 2
482 367 2
519 31 2
492 328 2
142 31 2
399 503 2
520 304 2
399 427 2
272 271 2
388 495 2
272 521 2
61 367 2
61 464 2
522 523 2
468 518 2
43 431 2
43 431 2
378 431 2
468 462 2
399 453 2
399 395 2
399 428 2
519 290 2
519 290 2
519 291 2
399 428 2
43 210 2
421 364 2
495 453 2
213 524 2
320 453 2
391 227 2
40 522 2
320 358 2
320 479 2
476 525 2
31 526 2
456 455 2
349 364 2
8 281 2
35 412 2
8 464 2
424 377 2
349 364 2
459 358 2
8 7 2
8 7 2
8 281 2
8 7 2
8 464 2
8 7 2
8 7 2
8 526 2
8 527 2
8 7 2
301 496 2
8 7 2
8 7 2
296 233 2
440 367 2
208 31 2
8 7 2
446 324 2
446 33 2
446 47 2
8 7 2
61 374 2
11 174 2
11 301 2
50 528 2
50 527 2
50 522 2
50 529 2
455 526 2
455 526 2
455 500 2
446 47 2
446 47 2
362 501 2
388 423 2
399 427 2
399 285 2
395 377 2
356 408 2
399 395 2
356 501 2
399 501 2
227 391 2
11 501 2
31 208 2
446 324 2
31 51 2
52 253 2
102 501 2
446 324 2
446 324 2
40 526 2
40 528 2
356 501 2
40 501 2
175 501 2
356 501 2
354 315 2
354 315 2
61 474 2
356 500 2
500 455 2
102 502 2
354 315 2
474 61 2
397 501 2
61 474 2
501 397 2
474 61 2
455 500 2
61 277 2
473 31 2
356 501 2
473 31 2
356 501 2
175 501 2
525 476 2
482 61 2
208 354 2
356 501 2
399 440 2
40 501 2
482 61 2
446 324 2
192 62 2
482 61 2
356 501 2
192 148 2
455 208 2
466 388 2
171 530 2
500 455 2
102 451 2
356 501 2
455 500 2
481 388 2
356 167 2
356 501 2
192 354 2
40 501 2
473 371 2
102 455 2
192 501 2
501 192 2
473 371 2
192 501 2
127 61 2
40 501 2
356 501 2
40 451 2
500 235 2
500 235 2
500 455 2
481 531 2
397 501 2
356 427 2
501 192 2
356 501 2
40 501 2
312 33 2
37 312 2
62 192 2
102 133 2
40 501 2
37 312 2
37 312 2
531 481 2
37 312 2
227 474 2
37 312 2
37 312 2
37 312 2
37 312 2
37 312 2
37 312 2
40 501 2
37 364 2
37 312 2
37 312 2
37 312 2
500 235 2
37 312 2
37 312 2
37 312 2
37 312 2
66 377 2
37 312 2
37 312 2
66 214 2
66 214 2
66 532 2
66 533 2
66 528 2
66 526 2
66 370 2
66 481 2
66 272 2
66 7 2
66 287 2
40 501 2
66 439 2
66 534 2
66 73 2
66 287 2
66 71 2
66 235 2
66 259 2
66 312 2
66 501 2
66 241 2
66 423 2
66 520 2
66 364 2
66 171 2
66 474 2
66 312 2
388 481 2
66 474 2
388 423 2
37 312 2
66 287 2
240 500 2
37 501 2
66 474 2
66 287 2
66 71 2
40 501 2
37 312 2
240 259 2
35 412 2
66 287 2
66 474 2
37 501 2
40 501 2
66 71 2
66 287 2
192 62 2
66 73 2
66 71 2
66 287 2
66 71 2
37 312 2
37 501 2
66 474 2
73 502 2
37 501 2
388 466 2
66 71 2
66 71 2
37 312 2
66 474 2
192 501 2
66 71 2
66 71 2
37 501 2
66 474 2
66 71 2
66 474 2
501 192 2
508 453 2
66 474 2
508 453 2
66 474 2
37 501 2
232 371 2
66 474 2
37 501 2
37 501 2
37 501 2
66 474 2
37 474 2
40 501 2
37 501 2
37 312 2
37 312 2
66 87 2
37 312 2
66 474 2
37 501 2
37 287 2
37 312 2
37 176 2
37 287 2
37 312 2
37 176 2
37 176 2
37 312 2
26 413 2
296 481 2
37 176 2
37 501 2
481 388 2
37 312 2
40 501 2
37 287 2
37 501 2
37 287 2
37 287 2
37 176 2
37 501 2
40 501 2
37 501 2
37 312 2
37 501 2
408 301 2
37 501 2
408 412 2
37 287 2
37 501 2
37 501 2
37 176 2
37 287 2
40 501 2
37 287 2
354 192 2
385 386 2
354 208 2
37 385 2
37 287 2
508 533 2
37 501 2
37 501 2
37 501 2
37 501 2
37 501 2
37 501 2
37 501 2
37 501 2
37 501 2
37 501 2
37 501 2
37 501 2
37 287 2
37 501 2
37 501 2
37 287 2
500 240 2
73 378 2
37 287 2
37 176 2
37 501 2
37 501 2
37 501 2
37 176 2
37 176 2
40 501 2
516 480 2
37 501 2
37 474 2
40 501 2
37 474 2
37 501 2
37 474 2
37 501 2
40 501 2
37 501 2
37 501 2
40 527 2
37 501 2
473 73 2
37 167 2
399 427 2
61 480 2
37 474 2
37 501 2
213 511 2
40 535 2
18 408 2
399 501 2
397 307 2
397 307 2
397 307 2
464 397 2
40 354 2
468 96 2
40 463 2
40 463 2
341 501 2
397 307 2
397 307 2
392 31 2
536 535 2
397 307 2
142 200 2
142 200 2
240 500 2
399 167 2
500 235 2
142 200 2
397 307 2
142 200 2
399 377 2
397 307 2
455 404 2
142 200 2
399 364 2
142 200 2
142 200 2
351 308 2
500 240 2
142 200 2
397 307 2
240 500 2
142 200 2
142 455 2
142 200 2
455 388 2
142 200 2
142 200 2
142 455 2
142 200 2
142 200 2
142 200 2
500 240 2
240 500 2
281 455 2
256 262 2
18 537 2
18 108 2
538 501 2
421 535 2
18 537 2
474 73 2
74 474 2
516 480 2
307 67 2
474 74 2
474 74 2
139 275 2
74 474 2
474 74 2
421 96 2
307 539 2
307 537 2
235 500 2
74 474 2
40 537 2
474 74 2
474 74 2
235 241 2
235 500 2
43 73 2
67 307 2
74 474 2
74 474 2
474 74 2
18 537 2
474 74 2
18 537 2
500 235 2
538 367 2
18 537 2
18 537 2
74 474 2
18 537 2
74 474 2
18 537 2
18 537 2
474 74 2
18 537 2
474 74 2
18 537 2
74 474 2
18 537 2
18 537 2
74 474 2
474 74 2
74 474 2
18 537 2
74 474 2
474 74 2
474 74 2
538 367 2
474 74 2
37 312 2
535 531 2
531 535 2
538 367 2
190 535 2
535 531 2
531 535 2
535 531 2
531 535 2
535 531 2
535 190 2
531 540 2
531 535 2
535 531 2
190 535 2
531 535 2
281 33 2
531 462 2
367 541 2
541 367 2
8 176 2
40 354 2
8 176 2
367 541 2
500 235 2
127 61 2
512 439 2
127 235 2
521 272 2
235 127 2
96 351 2
96 541 2
127 235 2
143 397 2
541 96 2
96 541 2
324 481 2
96 541 2
235 127 2
541 96 2
127 235 2
541 542 2
96 541 2
127 96 2
500 235 2
541 96 2
235 500 2
96 541 2
324 522 2
500 235 2
542 541 2
144 118 2
235 127 2
324 481 2
541 96 2
235 500 2
500 235 2
541 542 2
324 71 2
96 541 2
539 307 2
541 96 2
127 235 2
542 541 2
96 541 2
235 500 2
324 481 2
541 542 2
235 127 2
118 143 2
73 377 2
541 96 2
96 541 2
324 96 2
324 96 2
324 96 2
542 541 2
96 324 2
127 235 2
73 526 2
73 527 2
73 543 2
324 481 2
541 96 2
73 518 2
324 96 2
96 541 2
73 540 2
96 324 2
541 96 2
324 96 2
96 324 2
541 96 2
96 541 2
324 96 2
541 96 2
96 324 2
67 96 2
96 541 2
541 96 2
96 67 2
481 324 2
324 96 2
96 541 2
324 481 2
96 324 2
541 96 2
324 96 2
235 127 2
96 541 2
96 324 2
67 96 2
324 512 2
324 512 2
481 324 2
96 67 2
324 481 2
541 96 2
512 324 2
324 96 2
40 512 2
324 512 2
480 61 2
96 541 2
541 512 2
512 324 2
96 324 2
512 541 2
324 512 2
541 96 2
541 512 2
324 96 2
512 541 2
96 541 2
67 47 2
324 60 2
481 324 2
96 324 2
324 481 2
67 60 2
324 96 2
541 60 2
512 97 2
541 96 2
40 512 2
324 108 2
541 96 2
481 324 2
71 324 2
512 544 2
96 541 2
96 541 2
96 541 2
96 541 2
96 541 2
541 96 2
324 481 2
324 71 2
96 541 2
541 96 2
541 96 2
71 324 2
481 324 2
324 96 2
324 481 2
96 541 2
545 531 2
96 324 2
481 324 2
545 541 2
541 96 2
324 96 2
324 481 2
545 453 2
481 324 2
545 96 2
324 481 2
481 324 2
96 541 2
96 324 2
324 481 2
324 96 2
96 324 2
546 310 2
324 96 2
96 324 2
324 96 2
96 324 2
324 96 2
481 324 2
324 481 2
545 96 2
324 541 2
541 324 2
541 547 2
324 541 2
547 541 2
541 324 2
324 541 2
541 547 2
541 324 2
324 541 2
296 74 2
324 548 2
548 324 2
61 480 2
276 351 2
431 378 2
544 512 2
320 83 2
320 549 2
320 202 2
320 67 2
320 118 2
320 241 2
320 490 2
320 364 2
43 73 2
535 190 2
288 535 2
535 531 2
535 288 2
531 535 2
535 531 2
536 73 2
531 535 2
535 531 2
397 307 2
531 535 2
536 535 2
446 324 2
535 531 2
211 288 2
414 328 2
388 481 2
388 455 2
450 31 2
75 398 2
75 257 2
541 96 2
40 75 2
284 535 2
535 284 2
192 501 2
508 388 2
508 535 2
40 541 2
374 371 2
535 508 2
535 288 2
473 31 2
18 450 2
508 535 2
40 374 2
508 535 2
290 392 2
550 223 2
481 388 2
550 305 2
550 544 2
550 376 2
35 72 2
35 118 2
18 537 2
35 118 2
35 118 2
102 501 2
102 537 2
35 118 2
35 118 2
102 465 2
551 235 2
8 75 2
102 357 2
288 535 2
102 167 2
102 364 2
320 118 2
320 67 2
50 552 2
102 552 2
102 553 2
102 61 2
446 118 2
464 397 2
102 464 2
203 455 2
203 431 2
102 548 2
446 118 2
96 541 2
422 293 2
422 453 2
102 61 2
446 118 2
8 542 2
8 542 2
102 61 2
508 96 2
96 508 2
320 67 2
508 453 2
508 301 2
320 67 2
554 508 2
508 301 2
508 301 2
50 527 2
118 301 2
50 214 2
301 118 2
203 539 2
455 293 2
102 167 2
118 301 2
508 301 2
455 174 2
539 307 2
455 552 2
378 73 2
378 481 2
102 60 2
307 539 2
235 508 2
61 553 2
102 499 2
508 235 2
508 271 2
539 307 2
102 127 2
61 284 2
301 118 2
60 324 2
508 301 2
118 301 2
60 67 2
102 555 2
60 541 2
508 301 2
397 508 2
203 455 2
508 235 2
508 301 2
508 235 2
508 235 2
301 508 2
203 481 2
508 235 2
324 548 2
508 301 2
508 301 2
203 481 2
203 61 2
531 363 2
203 481 2
203 61 2
307 539 2
548 324 2
324 548 2
203 481 2
203 481 2
203 481 2
257 75 2
203 481 2
320 364 2
203 481 2
556 526 2
96 288 2
548 324 2
534 512 2
73 378 2
556 301 2
301 556 2
556 301 2
301 556 2
556 301 2
102 364 2
26 413 2
192 354 2
301 556 2
378 73 2
102 364 2
102 392 2
392 290 2
102 392 2
293 455 2
61 553 2
556 301 2
480 478 2
301 556 2
556 301 2
301 556 2
354 192 2
259 240 2
556 301 2
213 301 2
102 364 2
392 53 2
102 392 2
301 556 2
301 213 2
94 392 2
301 557 2
127 235 2
35 72 2
102 127 2
67 60 2
556 301 2
301 556 2
0 476 2
301 137 2
35 72 2
35 72 2
35 2 2
301 73 2
556 301 2
203 481 2
102 127 2
315 354 2
324 548 2
388 508 2
324 541 2
388 558 2
0 301 2
324 547 2
324 559 2
464 397 2
301 556 2
559 324 2
446 118 2
35 2 2
354 315 2
0 301 2
192 354 2
315 354 2
301 556 2
556 301 2
552 455 2
552 50 2
556 301 2
354 315 2
301 556 2
241 235 2
315 354 2
18 232 2
18 64 2
526 31 2
526 73 2
315 354 2
526 553 2
315 354 2
553 526 2
251 5 2
40 459 2
203 241 2
143 397 2
73 301 2
73 526 2
526 73 2
208 526 2
40 526 2
526 208 2
541 324 2
541 547 2
40 526 2
539 307 2
40 526 2
96 324 2
251 96 2
96 251 2
473 31 2
96 251 2
96 251 2
480 251 2
388 481 2
301 73 2
251 480 2
102 174 2
102 512 2
102 127 2
265 96 2
40 560 2
473 73 2
213 301 2
480 251 2
96 265 2
324 96 2
96 324 2
251 480 2
282 143 2
192 388 2
388 192 2
524 210 2
524 213 2
524 92 2
480 251 2
480 251 2
50 560 2
192 388 2
251 480 2
548 324 2
548 324 2
366 392 2
282 374 2
282 514 2
50 38 2
285 548 2
548 285 2
102 174 2
102 524 2
213 524 2
102 127 2
324 548 2
213 499 2
324 552 2
455 552 2
203 455 2
455 526 2
554 561 2
464 455 2
399 143 2
296 262 2
464 455 2
455 251 2
464 455 2
251 455 2
464 455 2
455 251 2
251 455 2
464 455 2
455 251 2
251 455 2
356 133 2
455 251 2
464 455 2
251 455 2
464 455 2
399 427 2
102 167 2
102 133 2
455 26 2
464 397 2
464 455 2
455 537 2
399 428 2
388 192 2
388 251 2
356 133 2
464 397 2
397 455 2
464 455 2
356 537 2
397 455 2
464 397 2
388 251 2
464 455 2
464 397 2
388 251 2
388 251 2
480 251 2
251 480 2
388 251 2
37 147 2
37 176 2
37 176 2
397 393 2
464 397 2
562 238 2
446 118 2
37 167 2
37 392 2
37 232 2
102 167 2
464 397 2
213 436 2
397 174 2
213 563 2
464 455 2
259 282 2
524 213 2
493 324 2
493 388 2
399 285 2
50 464 2
538 395 2
482 126 2
560 50 2
464 455 2
40 352 2
522 564 2
560 50 2
446 118 2
446 118 2
455 143 2
118 167 2
464 455 2
464 397 2
560 50 2
464 397 2
464 455 2
175 269 2
40 565 2
40 459 2
464 397 2
40 269 2
399 395 2
560 50 2
566 259 2
167 118 2
566 459 2
102 167 2
567 369 2
296 480 2
276 251 2
40 388 2
464 397 2
453 180 2
276 251 2
40 388 2
251 388 2
102 167 2
61 453 2
312 126 2
18 565 2
18 565 2
18 565 2
538 453 2
61 453 2
538 453 2
538 535 2
464 397 2
40 480 2
8 526 2
8 176 2
538 453 2
8 176 2
8 388 2
464 397 2
8 568 2
8 565 2
369 567 2
388 251 2
397 464 2
219 307 2
219 307 2
538 453 2
516 480 2
40 388 2
537 437 2
535 531 2
516 437 2
516 539 2
531 535 2
535 531 2
74 96 2
531 535 2
82 535 2
276 566 2
235 127 2
251 388 2
82 385 2
74 474 2
537 569 2
82 535 2
127 235 2
421 535 2
192 388 2
235 127 2
192 367 2
118 537 2
307 219 2
127 235 2
362 453 2
362 453 2
362 453 2
494 539 2
203 481 2
403 5 2
192 367 2
421 535 2
335 367 2
539 494 2
235 127 2
335 367 2
47 537 2
47 537 2
537 539 2
539 537 2
537 47 2
537 539 2
539 537 2
47 537 2
537 539 2
537 47 2
453 362 2
539 537 2
354 315 2
320 364 2
537 539 2
539 537 2
47 537 2
288 96 2
354 315 2
320 453 2
537 47 2
354 315 2
537 539 2
539 537 2
537 288 2
537 539 2
288 537 2
537 47 2
47 370 2
537 288 2
539 537 2
335 367 2
320 453 2
537 539 2
537 47 2
288 537 2
47 537 2
539 537 2
320 537 2
537 288 2
320 453 2
537 47 2
127 235 2
288 537 2
47 537 2
537 288 2
537 47 2
320 537 2
288 537 2
47 537 2
320 453 2
537 288 2
320 269 2
47 537 2
320 453 2
537 47 2
537 47 2
335 367 2
288 537 2
47 537 2
307 351 2
47 537 2
307 453 2
354 192 2
537 47 2
453 307 2
335 293 2
307 453 2
537 47 2
37 127 2
307 539 2
37 269 2
203 335 2
453 307 2
203 335 2
143 282 2
47 537 2
47 537 2
537 47 2
537 47 2
47 537 2
537 47 2
47 537 2
537 47 2
143 455 2
47 537 2
73 458 2
8 126 2
192 354 2
537 47 2
192 354 2
47 537 2
537 47 2
72 392 2
143 47 2
307 335 2
47 537 2
143 47 2
72 453 2
143 47 2
335 307 2
307 335 2
143 47 2
391 227 2
72 342 2
47 143 2
143 47 2
72 451 2
391 126 2
335 535 2
102 143 2
307 96 2
96 307 2
391 537 2
37 127 2
37 377 2
102 377 2
354 315 2
102 395 2
570 127 2
281 455 2
570 127 2
102 269 2
570 127 2
570 127 2
399 453 2
570 127 2
570 259 2
570 127 2
570 127 2
127 570 2
570 127 2
127 570 2
439 459 2
171 391 2
127 570 2
570 127 2
570 127 2
570 127 2
570 127 2
127 570 2
127 570 2
545 453 2
404 455 2
188 143 2
480 347 2
545 453 2
545 571 2
480 251 2
251 480 2
61 59 2
5 565 2
213 524 2
535 335 2
455 395 2
8 143 2
550 223 2
550 82 2
203 570 2
362 453 2
82 535 2
474 74 2
288 318 2
26 455 2
315 354 2
315 354 2
26 413 2
315 354 2
354 315 2
354 315 2
316 307 2
354 315 2
315 354 2
315 354 2
354 192 2
354 315 2
354 315 2
315 354 2
315 354 2
320 453 2
307 548 2
288 448 2
320 448 2
315 307 2
354 315 2
315 101 2
354 315 2
354 101 2
315 354 2
354 315 2
315 354 2
539 307 2
539 570 2
448 288 2
455 448 2
550 318 2
320 448 2
448 455 2
455 448 2
550 455 2
364 539 2
550 455 2
539 364 2
550 146 2
364 539 2
550 455 2
539 364 2
198 535 2
364 539 2
276 72 2
276 171 2
539 364 2
276 72 2
192 354 2
364 539 2
539 364 2
364 539 2
288 448 2
7 31 2
31 7 2
524 213 2
7 31 2
516 251 2
265 96 2
288 364 2
364 288 2
282 143 2
288 364 2
69 572 2
8 96 2
40 566 2
324 558 2
40 566 2
203 566 2
307 315 2
388 251 2
388 192 2
31 7 2
31 7 2
232 192 2
232 480 2
203 566 2
573 5 2
40 388 2
211 118 2
455 354 2
265 448 2
235 127 2
5 403 2
301 448 2
5 514 2
5 121 2
296 74 2
127 235 2
37 127 2
37 501 2
211 5 2
37 127 2
37 127 2
211 5 2
211 5 2
61 265 2
126 391 2
126 312 2
101 315 2
227 391 2
68 288 2
68 307 2
397 393 2
305 437 2
421 535 2
262 296 2
8 126 2
8 96 2
8 96 2
397 312 2
574 575 2
8 96 2
473 31 2
102 576 2
550 455 2
550 305 2
508 453 2
102 576 2
537 539 2
473 47 2
386 385 2
282 247 2
539 537 2
577 340 2
548 307 2
417 511 2
417 578 2
417 579 2
562 537 2
248 301 2
59 61 2
211 371 2
61 59 2
211 302 2
211 262 2
211 304 2
580 581 2
320 401 2
550 455 2
550 496 2
40 459 2
362 474 2
362 474 2
62 126 2
421 448 2
281 455 2
281 455 2
548 494 2
552 455 2
552 324 2
301 455 2
213 582 2
582 213 2
480 370 2
455 552 2
455 301 2
213 582 2
251 388 2
213 511 2
213 511 2
213 583 2
582 213 2
213 582 2
474 362 2
473 31 2
474 362 2
474 362 2
582 213 2
213 582 2
213 582 2
582 213 2
582 213 2
251 462 2
494 548 2
213 582 2
494 539 2
494 497 2
494 423 2
203 480 2
582 213 2
281 455 2
213 582 2
354 315 2
582 213 2
354 192 2
582 213 2
494 584 2
371 374 2
371 232 2
582 213 2
371 96 2
582 213 2
192 354 2
362 474 2
144 118 2
371 494 2
192 388 2
371 364 2
474 362 2
11 147 2
371 537 2
0 301 2
585 251 2
248 301 2
102 537 2
251 5 2
439 586 2
439 587 2
5 577 2
585 588 2
439 589 2
474 590 2
590 474 2
585 480 2
144 118 2
18 526 2
37 501 2
37 385 2
37 51 2
37 377 2
395 455 2
37 526 2
421 548 2
296 421 2
395 399 2
37 591 2
421 284 2
284 421 2
37 526 2
37 301 2
271 508 2
33 312 2
37 127 2
37 127 2
26 421 2
102 526 2
585 480 2
585 480 2
421 284 2
585 480 2
585 537 2
585 388 2
192 592 2
26 421 2
462 227 2
320 592 2
142 414 2
585 480 2
462 468 2
538 395 2
50 301 2
301 50 2
33 334 2
462 531 2
462 251 2
33 526 2
82 385 2
296 421 2
296 271 2
316 570 2
192 592 2
73 591 2
203 455 2
582 171 2
203 480 2
203 455 2
203 455 2
203 455 2
282 374 2
356 592 2
203 455 2
265 235 2
82 550 2
203 297 2
296 421 2
307 455 2
251 462 2
307 582 2
582 307 2
282 247 2
371 537 2
8 176 2
8 526 2
388 251 2
307 565 2
388 192 2
61 284 2
11 147 2
453 362 2
508 271 2
11 592 2
446 94 2
11 592 2
570 539 2
585 388 2
26 421 2
11 354 2
508 453 2
551 265 2
11 592 2
61 566 2
554 387 2
8 126 2
554 589 2
18 408 2
307 370 2
211 508 2
320 436 2
211 66 2
211 72 2
40 388 2
296 421 2
18 408 2
211 118 2
531 462 2
537 371 2
18 408 2
299 467 2
265 474 2
474 265 2
18 408 2
211 387 2
446 94 2
18 592 2
43 455 2
18 408 2
324 390 2
324 582 2
192 592 2
40 388 2
320 299 2
192 388 2
320 305 2
320 372 2
265 474 2
211 479 2
593 474 2
320 479 2
211 479 2
388 192 2
519 290 2
468 462 2
519 7 2
40 388 2
211 288 2
211 288 2
474 265 2
211 262 2
593 501 2
265 474 2
593 501 2
18 408 2
18 592 2
130 547 2
211 262 2
582 324 2
362 453 2
367 593 2
288 436 2
519 7 2
18 592 2
288 305 2
293 50 2
288 96 2
288 370 2
302 211 2
281 461 2
370 307 2
94 370 2
192 388 2
296 421 2
281 461 2
96 288 2
592 18 2
568 335 2
288 96 2
18 592 2
26 421 2
18 592 2
203 302 2
273 31 2
582 324 2
296 421 2
273 461 2
72 211 2
40 388 2
388 192 2
18 592 2
281 461 2
582 324 2
61 342 2
462 251 2
40 388 2
296 421 2
462 531 2
219 282 2
308 390 2
462 468 2
340 577 2
40 388 2
160 161 2
8 568 2
453 362 2
281 461 2
40 388 2
211 304 2
566 594 2
40 388 2
493 388 2
61 462 2
281 461 2
61 566 2
594 566 2
96 288 2
192 388 2
40 388 2
342 61 2
211 302 2
324 582 2
593 367 2
288 96 2
342 72 2
40 501 2
462 61 2
342 5 2
61 462 2
388 192 2
342 61 2
582 324 2
18 592 2
462 61 2
40 501 2
503 288 2
161 160 2
50 501 2
288 503 2
40 388 2
370 288 2
582 324 2
367 593 2
468 462 2
61 462 2
40 595 2
370 94 2
40 501 2
592 18 2
593 367 2
40 388 2
94 370 2
11 388 2
503 288 2
288 370 2
40 501 2
288 503 2
40 388 2
367 593 2
192 388 2
11 174 2
102 305 2
288 96 2
11 388 2
371 388 2
40 501 2
516 288 2
96 288 2
371 537 2
371 96 2
40 388 2
503 288 2
371 96 2
11 479 2
40 501 2
11 299 2
102 461 2
40 89 2
11 401 2
288 96 2
11 388 2
288 516 2
40 388 2
102 401 2
288 503 2
40 501 2
40 388 2
593 367 2
103 96 2
40 388 2
40 388 2
541 96 2
288 568 2
35 399 2
96 103 2
96 541 2
11 568 2
18 592 2
35 72 2
40 89 2
568 288 2
18 592 2
367 593 2
40 388 2
11 388 2
541 96 2
211 596 2
11 388 2
11 141 2
595 541 2
11 568 2
11 388 2
40 501 2
11 568 2
96 541 2
40 388 2
18 597 2
541 96 2
11 342 2
96 541 2
566 594 2
11 568 2
541 595 2
35 597 2
593 367 2
102 568 2
541 96 2
175 514 2
40 501 2
371 436 2
40 388 2
541 141 2
96 541 2
11 568 2
566 501 2
367 593 2
102 488 2
11 568 2
40 388 2
40 89 2
8 568 2
541 96 2
96 541 2
462 468 2
40 388 2
192 388 2
288 462 2
371 436 2
568 102 2
595 541 2
102 390 2
40 501 2
541 388 2
35 510 2
462 288 2
541 96 2
501 566 2
288 462 2
11 568 2
40 89 2
96 541 2
40 388 2
40 501 2
541 96 2
8 568 2
388 192 2
513 512 2
371 436 2
102 597 2
371 488 2
568 102 2
288 388 2
96 541 2
541 96 2
11 568 2
89 593 2
422 436 2
388 541 2
598 288 2
96 541 2
541 597 2
388 288 2
8 568 2
288 388 2
597 541 2
40 388 2
541 388 2
388 288 2
541 96 2
541 597 2
371 390 2
541 597 2
40 597 2
96 541 2
597 541 2
288 390 2
40 388 2
11 568 2
371 507 2
388 541 2
541 96 2
541 597 2
288 597 2
8 568 2
96 541 2
11 568 2
40 388 2
288 599 2
541 388 2
597 541 2
566 501 2
541 96 2
408 102 2
598 288 2
96 541 2
566 541 2
127 235 2
388 541 2
408 541 2
541 96 2
371 436 2
595 56 2
18 408 2
40 388 2
566 547 2
541 566 2
96 541 2
40 388 2
541 388 2
566 541 2
481 436 2
541 96 2
40 388 2
566 541 2
371 488 2
18 408 2
541 96 2
541 96 2
541 96 2
598 288 2
541 566 2
541 566 2
96 541 2
388 541 2
488 371 2
324 96 2
11 568 2
595 288 2
40 388 2
408 541 2
598 288 2
96 324 2
541 96 2
18 408 2
598 288 2
288 595 2
11 568 2
566 324 2
541 388 2
568 371 2
40 388 2
96 541 2
598 288 2
102 408 2
422 597 2
388 541 2
598 288 2
324 566 2
541 96 2
323 127 2
40 388 2
513 453 2
96 541 2
371 436 2
367 370 2
127 323 2
371 488 2
367 51 2
324 96 2
11 568 2
541 388 2
367 481 2
96 324 2
566 324 2
541 96 2
324 566 2
408 541 2
408 102 2
18 408 2
388 541 2
367 453 2
96 541 2
288 453 2
171 501 2
282 143 2
18 408 2
56 595 2
541 388 2
324 96 2
101 97 2
40 388 2
11 568 2
436 371 2
288 148 2
568 371 2
367 299 2
388 541 2
11 568 2
96 324 2
18 408 2
8 568 2
598 288 2
446 367 2
18 600 2
211 367 2
371 597 2
598 288 2
316 367 2
367 537 2
595 56 2
541 96 2
324 96 2
371 513 2
148 288 2
18 600 2
541 388 2
96 541 2
8 568 2
96 324 2
481 367 2
8 600 2
501 171 2
446 367 2
8 568 2
388 541 2
11 568 2
288 148 2
367 481 2
8 600 2
18 408 2
211 367 2
566 601 2
8 568 2
18 600 2
541 96 2
541 388 2
11 568 2
481 367 2
371 436 2
316 367 2
276 262 2
96 541 2
601 566 2
388 541 2
566 601 2
148 288 2
8 600 2
541 388 2
8 568 2
324 96 2
370 367 2
598 288 2
18 408 2
8 526 2
367 481 2
18 600 2
436 371 2
323 127 2
96 324 2
595 118 2
288 148 2
211 367 2
11 568 2
305 284 2
323 328 2
40 388 2
35 600 2
541 96 2
513 436 2
367 370 2
148 288 2
8 568 2
97 101 2
8 526 2
288 148 2
101 97 2
541 96 2
8 600 2
11 568 2
96 541 2
8 388 2
397 143 2
324 436 2
211 367 2
585 408 2
18 408 2
585 388 2
8 568 2
11 568 2
305 238 2
148 288 2
143 141 2
8 600 2
436 324 2
541 96 2
211 367 2
8 501 2
371 436 2
598 288 2
96 541 2
262 526 2
8 600 2
288 148 2
8 513 2
370 305 2
8 568 2
211 367 2
367 403 2
11 568 2
8 481 2
526 262 2
8 568 2
541 96 2
35 600 2
566 597 2
282 444 2
11 526 2
211 367 2
367 513 2
96 541 2
8 597 2
541 96 2
8 408 2
262 526 2
8 513 2
367 387 2
11 568 2
188 143 2
513 367 2
211 367 2
35 399 2
8 568 2
526 262 2
8 600 2
8 513 2
96 541 2
371 436 2
367 513 2
513 387 2
513 367 2
8 568 2
11 568 2
35 600 2
8 600 2
367 513 2
531 462 2
211 367 2
566 537 2
566 537 2
566 537 2
35 600 2
11 526 2
8 408 2
598 288 2
541 96 2
444 282 2
8 513 2
211 367 2
11 568 2
371 102 2
96 541 2
175 602 2
371 444 2
282 444 2
371 102 2
513 367 2
11 568 2
18 479 2
11 526 2
8 568 2
8 513 2
597 566 2
8 408 2
597 288 2
175 602 2
11 568 2
371 526 2
367 513 2
288 597 2
8 597 2
11 568 2
598 288 2
597 541 2
8 568 2
371 444 2
597 288 2
11 568 2
211 367 2
597 102 2
8 597 2
175 602 2
519 219 2
8 568 2
11 568 2
8 597 2
211 367 2
560 50 2
11 479 2
211 367 2
11 390 2
598 288 2
422 597 2
11 568 2
8 568 2
288 597 2
143 560 2
8 597 2
8 568 2
5 47 2
11 568 2
8 568 2
554 589 2
371 436 2
537 566 2
367 400 2
8 597 2
367 161 2
367 603 2
8 408 2
68 118 2
102 597 2
554 589 2
68 367 2
8 568 2
604 271 2
598 288 2
8 568 2
11 568 2
597 102 2
68 307 2
422 597 2
554 589 2
8 597 2
8 408 2
422 597 2
8 568 2
102 597 2
422 597 2
11 568 2
8 408 2
598 288 2
554 589 2
453 513 2
453 367 2
11 174 2
422 597 2
8 600 2
8 600 2
47 5 2
597 102 2
453 288 2
40 388 2
554 364 2
288 453 2
40 597 2
554 462 2
102 597 2
11 568 2
453 288 2
598 288 2
40 597 2
288 453 2
8 597 2
604 262 2
8 600 2
598 288 2
554 392 2
8 568 2
102 560 2
597 102 2
102 600 2
560 102 2
102 597 2
604 262 2
598 288 2
8 408 2
597 102 2
539 494 2
560 102 2
40 602 2
354 192 2
349 575 2
604 262 2
367 453 2
5 539 2
40 560 2
387 513 2
354 315 2
568 173 2
102 597 2
593 89 2
349 591 2
349 591 2
494 539 2
604 262 2
598 288 2
598 288 2
61 566 2
560 102 2
296 421 2
604 262 2
494 180 2
568 173 2
349 479 2
40 597 2
604 262 2
568 605 2
304 211 2
568 173 2
40 597 2
560 102 2
235 127 2
568 173 2
251 462 2
604 262 2
421 390 2
102 560 2
71 595 2
296 421 2
560 102 2
541 597 2
560 102 2
560 102 2
40 597 2
408 146 2
604 262 2
597 541 2
604 262 2
541 96 2
146 235 2
408 146 2
241 572 2
560 98 2
568 173 2
572 241 2
408 146 2
560 98 2
453 367 2
604 307 2
539 5 2
175 597 2
173 259 2
539 494 2
568 173 2
5 539 2
324 606 2
539 5 2
494 539 2
539 494 2
61 606 2
459 607 2
607 459 2
61 421 2
554 516 2
61 453 2
320 494 2
320 453 2
604 336 2
61 453 2
391 171 2
559 606 2
61 453 2
320 453 2
608 390 2
320 597 2
320 453 2
391 227 2
320 391 2
61 49 2
320 453 2
608 385 2
608 606 2
320 606 2
391 126 2
61 453 2
320 391 2
609 324 2
320 453 2
61 421 2
608 606 2
320 606 2
453 61 2
606 324 2
320 279 2
608 606 2
320 391 2
320 391 2
324 606 2
320 391 2
320 608 2
606 324 2
320 608 2
320 391 2
5 539 2
608 606 2
324 606 2
606 608 2
606 324 2
320 391 2
554 606 2
241 572 2
241 606 2
320 391 2
175 606 2
426 425 2
426 87 2
328 323 2
610 71 2
127 323 2
127 235 2
40 608 2
397 143 2
69 572 2
461 102 2
66 597 2
66 606 2
611 612 2
320 299 2
508 453 2
421 61 2
508 453 2
315 354 2
35 613 2
354 315 2
371 494 2
371 526 2
247 282 2
614 615 2
535 198 2
535 421 2
102 461 2
604 307 2
203 190 2
597 66 2
8 481 2
597 31 2
541 606 2
535 531 2
585 299 2
448 455 2
585 459 2
144 146 2
448 288 2
448 265 2
448 301 2
585 606 2
448 421 2
608 606 2
346 190 2
131 102 2
131 588 2
131 448 2
608 448 2
71 610 2
616 271 2
26 413 2
35 546 2
455 448 2
616 71 2
595 71 2
616 307 2
385 386 2
385 608 2
211 47 2
617 2 2
398 75 2
142 102 2
398 298 2
398 385 2
398 364 2
203 608 2
394 393 2
211 304 2
616 307 2
608 385 2
609 324 2
508 453 2
592 227 2
616 307 2
453 508 2
203 608 2
29 102 2
595 387 2
461 102 2
618 96 2
494 539 2
102 461 2
87 426 2
69 619 2
595 61 2
50 600 2
102 461 2
428 399 2
26 619 2
538 395 2
620 592 2
620 47 2
413 606 2
320 494 2
102 148 2
26 413 2
18 64 2
102 592 2
620 592 2
620 592 2
118 595 2
595 118 2
508 453 2
118 595 2
26 413 2
550 455 2
288 448 2
550 61 2
595 118 2
203 608 2
276 413 2
550 146 2
26 413 2
606 66 2
606 608 2
301 448 2
606 541 2
335 535 2
467 593 2
301 295 2
8 176 2
421 535 2
276 467 2
421 448 2
459 607 2
497 494 2
302 211 2
545 453 2
621 606 2
621 591 2
51 367 2
621 595 2
364 398 2
621 622 2
453 508 2
33 582 2
582 33 2
541 96 2
541 606 2
541 96 2
618 96 2
461 102 2
604 301 2
595 621 2
618 474 2
96 541 2
541 96 2
620 47 2
541 324 2
96 541 2
620 592 2
8 606 2
541 96 2
96 541 2
541 96 2
541 96 2
96 541 2
96 541 2
233 582 2
541 96 2
623 451 2
623 436 2
582 233 2
96 541 2
541 96 2
96 541 2
615 614 2
96 284 2
541 96 2
541 96 2
494 497 2
96 541 2
175 100 2
513 255 2
52 455 2
40 608 2
40 602 2
541 96 2
96 541 2
96 541 2
40 597 2
96 541 2
541 96 2
541 96 2
541 96 2
61 595 2
96 541 2
96 541 2
324 541 2
541 96 2
541 324 2
96 541 2
324 541 2
29 102 2
324 624 2
624 324 2
535 335 2
473 31 2
362 453 2
397 467 2
324 624 2
624 324 2
624 324 2
192 354 2
192 388 2
40 388 2
624 324 2
467 501 2
192 615 2
324 624 2
624 324 2
324 624 2
624 324 2
227 592 2
371 507 2
371 494 2
324 624 2
211 302 2
211 302 2
585 385 2
585 606 2
322 455 2
513 625 2
276 467 2
554 625 2
554 626 2
508 453 2
554 513 2
554 513 2
624 324 2
371 494 2
35 624 2
610 71 2
592 227 2
602 627 2
349 625 2
324 624 2
59 61 2
71 610 2
628 96 2
624 324 2
625 349 2
624 629 2
387 513 2
624 606 2
94 625 2
513 387 2
40 597 2
349 625 2
295 301 2
387 513 2
35 624 2
501 467 2
589 625 2
35 624 2
630 624 2
387 595 2
387 367 2
324 624 2
387 211 2
554 387 2
387 512 2
554 387 2
367 51 2
554 387 2
367 387 2
625 589 2
625 631 2
624 324 2
61 59 2
554 569 2
630 624 2
554 305 2
626 512 2
554 317 2
630 624 2
59 61 2
392 262 2
630 632 2
262 392 2
392 262 2
630 51 2
633 625 2
550 61 2
513 58 2
61 59 2
413 474 2
589 513 2
143 634 2
211 387 2
387 211 2
630 624 2
467 501 2
211 387 2
276 467 2
501 467 2
446 253 2
315 354 2
619 26 2
315 101 2
387 211 2
421 393 2
421 606 2
31 597 2
296 421 2
31 635 2
31 625 2
512 387 2
635 5 2
512 626 2
635 5 2
635 31 2
635 5 2
626 512 2
635 589 2
512 626 2
635 625 2
102 184 2
598 635 2
296 421 2
102 461 2
31 635 2
282 627 2
126 391 2
123 96 2
608 606 2
605 568 2
354 315 2
550 61 2
40 608 2
474 282 2
8 625 2
322 635 2
551 348 2
550 146 2
301 295 2
276 123 2
322 636 2
550 123 2
551 348 2
446 253 2
322 123 2
296 421 2
585 348 2
550 123 2
322 123 2
625 31 2
322 123 2
625 635 2
550 123 2
282 247 2
322 123 2
102 391 2
391 102 2
637 636 2
550 591 2
322 123 2
102 391 2
391 102 2
102 391 2
7 31 2
550 123 2
322 123 2
637 635 2
102 182 2
296 421 2
102 537 2
322 123 2
474 282 2
391 513 2
5 635 2
391 102 2
102 391 2
322 123 2
637 320 2
5 596 2
638 102 2
5 123 2
638 320 2
637 320 2
8 126 2
211 387 2
219 320 2
8 625 2
123 5 2
638 320 2
123 5 2
5 123 2
322 123 2
638 320 2
638 5 2
391 102 2
638 320 2
123 5 2
638 5 2
478 357 2
320 391 2
102 391 2
474 282 2
478 5 2
5 123 2
322 123 2
391 320 2
5 478 2
638 320 2
637 639 2
478 5 2
5 478 2
320 391 2
478 5 2
391 320 2
5 478 2
582 123 2
598 33 2
320 391 2
478 102 2
391 320 2
391 102 2
320 391 2
637 97 2
638 320 2
446 102 2
102 391 2
589 640 2
391 320 2
640 589 2
276 102 2
589 640 2
638 478 2
638 478 2
276 102 2
637 253 2
638 478 2
573 320 2
320 391 2
638 320 2
208 354 2
391 320 2
322 280 2
638 478 2
638 320 2
276 102 2
637 253 2
320 391 2
638 478 2
638 320 2
637 253 2
641 322 2
235 127 2
276 102 2
40 637 2
641 322 2
446 102 2
446 253 2
638 478 2
141 143 2
5 590 2
637 253 2
638 478 2
641 478 2
322 67 2
516 288 2
638 478 2
322 641 2
573 320 2
446 253 2
637 253 2
276 102 2
276 320 2
296 421 2
554 516 2
322 366 2
276 320 2
446 102 2
276 102 2
322 87 2
446 253 2
474 282 2
598 33 2
474 282 2
446 253 2
87 322 2
453 362 2
446 253 2
322 87 2
446 253 2
446 102 2
637 253 2
31 7 2
598 33 2
446 253 2
127 235 2
637 253 2
637 642 2
388 192 2
446 253 2
637 277 2
40 388 2
594 566 2
446 253 2
637 253 2
322 87 2
598 33 2
322 642 2
33 501 2
40 637 2
315 354 2
637 253 2
637 253 2
322 87 2
320 594 2
643 354 2
637 253 2
641 322 2
641 211 2
322 87 2
641 322 2
637 253 2
366 322 2
641 322 2
322 366 2
462 531 2
637 253 2
641 322 2
474 282 2
641 322 2
87 322 2
40 388 2
462 251 2
473 478 2
474 501 2
474 501 2
40 388 2
641 644 2
421 388 2
322 87 2
501 33 2
388 421 2
40 388 2
598 33 2
40 388 2
421 388 2
388 421 2
40 388 2
322 87 2
645 71 2
421 388 2
474 282 2
637 101 2
645 288 2
33 501 2
193 582 2
388 421 2
40 388 2
193 582 2
513 589 2
193 324 2
501 33 2
645 288 2
421 388 2
193 455 2
645 71 2
5 641 2
315 354 2
193 295 2
322 288 2
193 302 2
320 465 2
645 288 2
513 462 2
388 421 2
645 211 2
193 582 2
421 388 2
375 480 2
388 421 2
40 388 2
573 265 2
87 322 2
645 637 2
593 467 2
641 5 2
421 388 2
645 322 2
322 87 2
296 421 2
645 322 2
388 421 2
513 375 2
296 271 2
40 388 2
508 453 2
219 265 2
193 582 2
497 494 2
645 637 2
645 322 2
598 320 2
637 73 2
123 5 2
262 646 2
620 320 2
262 646 2
218 320 2
33 501 2
645 322 2
73 616 2
322 123 2
480 375 2
611 625 2
598 320 2
218 320 2
620 320 2
265 637 2
73 606 2
647 626 2
35 258 2
647 513 2
193 582 2
645 322 2
193 324 2
626 648 2
637 265 2
218 320 2
620 47 2
513 648 2
589 439 2
40 388 2
647 367 2
637 140 2
87 322 2
262 641 2
625 648 2
620 592 2
645 637 2
322 123 2
480 58 2
218 320 2
645 322 2
480 451 2
56 595 2
648 625 2
322 87 2
648 513 2
625 648 2
598 33 2
645 649 2
598 320 2
647 367 2
61 366 2
61 161 2
647 625 2
648 625 2
647 387 2
218 320 2
637 73 2
501 33 2
480 377 2
625 648 2
480 565 2
73 637 2
37 176 2
161 367 2
296 421 2
480 395 2
392 61 2
637 73 2
61 392 2
37 127 2
371 507 2
648 625 2
648 625 2
645 219 2
513 625 2
37 501 2
645 219 2
625 513 2
550 123 2
645 650 2
480 637 2
645 646 2
139 573 2
430 322 2
647 513 2
218 320 2
637 480 2
647 648 2
625 648 2
637 480 2
550 61 2
213 583 2
37 474 2
637 480 2
531 535 2
276 73 2
213 625 2
37 474 2
5 123 2
587 635 2
587 439 2
587 50 2
37 474 2
645 637 2
37 474 2
637 480 2
645 322 2
33 501 2
645 650 2
513 648 2
37 474 2
37 474 2
37 474 2
647 589 2
37 474 2
37 474 2
645 322 2
37 474 2
595 56 2
480 516 2
586 587 2
37 474 2
87 322 2
550 61 2
265 474 2
645 322 2
474 265 2
37 474 2
366 322 2
265 474 2
647 648 2
265 219 2
408 33 2
265 625 2
265 570 2
322 87 2
265 288 2
265 650 2
211 304 2
265 436 2
37 474 2
265 123 2
474 265 2
37 100 2
265 242 2
265 111 2
265 576 2
265 428 2
265 366 2
37 474 2
213 474 2
322 366 2
265 651 2
265 480 2
501 33 2
474 213 2
265 652 2
265 7 2
642 637 2
595 387 2
637 642 2
37 474 2
595 61 2
265 644 2
37 127 2
265 649 2
213 474 2
265 387 2
265 367 2
573 139 2
265 320 2
367 161 2
265 572 2
265 47 2
26 619 2
653 513 2
26 413 2
265 541 2
474 213 2
648 288 2
37 474 2
213 474 2
265 595 2
265 481 2
474 213 2
37 474 2
213 474 2
265 71 2
265 213 2
102 298 2
265 556 2
371 651 2
265 648 2
130 637 2
265 298 2
265 501 2
265 241 2
474 213 2
37 474 2
265 102 2
37 474 2
653 513 2
265 626 2
265 324 2
265 589 2
213 474 2
265 553 2
211 288 2
37 474 2
635 370 2
265 227 2
647 648 2
265 171 2
288 648 2
265 582 2
211 288 2
37 474 2
265 521 2
635 625 2
653 227 2
648 288 2
0 476 2
265 71 2
37 474 2
2 617 2
213 100 2
98 625 2
371 102 2
647 648 2
37 474 2
371 651 2
227 625 2
637 481 2
322 366 2
573 651 2
265 71 2
322 635 2
637 481 2
568 371 2
554 462 2
474 213 2
595 61 2
37 625 2
371 102 2
637 481 2
573 651 2
554 61 2
37 474 2
288 648 2
126 474 2
595 61 2
211 575 2
653 480 2
211 575 2
37 474 2
211 575 2
637 481 2
611 501 2
371 102 2
474 126 2
341 193 2
648 288 2
618 474 2
647 512 2
371 102 2
573 651 2
37 474 2
276 648 2
37 474 2
637 481 2
651 71 2
276 73 2
653 253 2
102 62 2
651 573 2
37 474 2
556 301 2
322 67 2
227 592 2
618 193 2
71 651 2
37 474 2
280 322 2
573 651 2
284 421 2
637 481 2
280 322 2
37 474 2
651 71 2
37 474 2
651 573 2
37 474 2
253 342 2
573 651 2
371 436 2
37 474 2
37 474 2
595 643 2
651 573 2
573 651 2
566 594 2
637 481 2
647 367 2
71 651 2
653 253 2
37 474 2
637 47 2
637 481 2
494 371 2
37 474 2
227 391 2
637 47 2
651 71 2
37 474 2
494 497 2
455 193 2
253 494 2
654 655 2
647 348 2
654 655 2
322 280 2
637 47 2
654 656 2
258 637 2
473 31 2
455 193 2
265 657 2
654 635 2
658 659 2
265 660 2
658 659 2
654 661 2
494 253 2
322 67 2
265 662 2
654 663 2
253 625 2
654 664 2
265 665 2
654 644 2
625 227 2
71 651 2
654 631 2
666 657 2
280 322 2
653 253 2
654 626 2
37 474 2
654 625 2
654 639 2
654 667 2
654 668 2
265 641 2
654 629 2
654 632 2
37 474 2
417 641 2
265 636 2
654 669 2
647 367 2
654 670 2
37 474 2
513 404 2
654 671 2
130 526 2
625 98 2
253 494 2
618 595 2
66 597 2
653 651 2
322 280 2
37 474 2
370 635 2
37 474 2
651 71 2
322 67 2
322 67 2
8 568 2
618 595 2
37 474 2
616 271 2
5 277 2
513 516 2
371 494 2
672 253 2
653 651 2
371 672 2
37 474 2
175 474 2
618 660 2
322 67 2
280 322 2
604 271 2
616 73 2
253 672 2
651 653 2
348 654 2
672 371 2
348 654 2
71 651 2
322 280 2
653 651 2
672 253 2
322 67 2
430 322 2
258 255 2
175 514 2
651 653 2
11 100 2
253 672 2
280 322 2
11 526 2
98 625 2
651 71 2
614 615 2
604 265 2
653 651 2
251 462 2
11 174 2
322 67 2
421 284 2
258 342 2
654 348 2
253 343 2
651 653 2
5 602 2
672 253 2
322 280 2
635 370 2
72 342 2
653 651 2
614 665 2
392 61 2
144 478 2
625 98 2
430 322 2
604 102 2
102 672 2
258 47 2
322 280 2
370 635 2
653 455 2
5 72 2
296 421 2
604 265 2
280 322 2
455 653 2
651 653 2
672 102 2
393 421 2
651 653 2
604 102 2
322 280 2
296 421 2
253 672 2
653 651 2
653 455 2
72 5 2
61 392 2
637 481 2
651 653 2
258 241 2
637 47 2
598 510 2
455 653 2
672 253 2
258 298 2
102 672 2
653 98 2
11 657 2
280 322 2
253 672 2
653 455 2
672 102 2
604 288 2
11 657 2
651 653 2
672 253 2
102 672 2
421 393 2
276 495 2
653 651 2
604 102 2
322 280 2
253 672 2
604 288 2
514 193 2
653 455 2
673 301 2
495 474 2
672 102 2
672 253 2
296 421 2
40 657 2
175 474 2
651 653 2
348 654 2
11 657 2
40 597 2
276 495 2
198 535 2
604 102 2
280 322 2
550 455 2
102 672 2
604 288 2
5 72 2
481 193 2
653 651 2
40 657 2
5 72 2
253 597 2
11 657 2
480 5 2
672 288 2
276 495 2
495 436 2
371 672 2
672 102 2
322 280 2
11 7 2
288 672 2
672 371 2
296 421 2
102 672 2
276 298 2
73 72 2
616 455 2
604 288 2
672 288 2
455 653 2
672 102 2
72 5 2
5 480 2
72 73 2
387 595 2
5 72 2
210 193 2
651 653 2
276 495 2
210 193 2
616 515 2
653 455 2
11 657 2
288 672 2
52 455 2
554 61 2
50 313 2
193 481 2
604 102 2
480 5 2
279 320 2
653 651 2
639 637 2
554 146 2
371 672 2
371 672 2
102 672 2
253 298 2
102 674 2
316 367 2
554 61 2
421 193 2
641 262 2
320 279 2
641 417 2
478 313 2
320 674 2
316 5 2
604 102 2
495 657 2
276 672 2
276 513 2
251 5 2
276 495 2
554 675 2
11 7 2
672 102 2
276 672 2
630 462 2
554 675 2
554 675 2
657 495 2
276 672 2
672 288 2
316 307 2
72 5 2
604 102 2
495 657 2
616 339 2
604 73 2
637 639 2
276 672 2
604 102 2
423 494 2
296 421 2
524 210 2
637 639 2
524 50 2
637 639 2
524 102 2
322 67 2
241 258 2
651 653 2
637 47 2
604 73 2
616 253 2
316 5 2
481 193 2
322 67 2
247 602 2
50 524 2
8 7 2
296 421 2
495 522 2
524 50 2
354 315 2
5 251 2
68 5 2
68 118 2
604 73 2
8 639 2
8 635 2
666 657 2
354 315 2
616 676 2
68 5 2
50 524 2
395 480 2
316 5 2
8 639 2
641 324 2
98 653 2
98 625 2
322 67 2
8 639 2
666 657 2
666 657 2
211 641 2
595 387 2
478 211 2
98 653 2
657 495 2
211 478 2
616 639 2
639 616 2
8 639 2
524 50 2
616 639 2
8 7 2
324 641 2
604 73 2
50 524 2
616 639 2
651 301 2
211 478 2
635 387 2
641 324 2
387 635 2
467 593 2
554 501 2
604 73 2
635 387 2
8 657 2
554 653 2
604 271 2
8 637 2
616 271 2
276 467 2
554 635 2
524 50 2
322 635 2
8 7 2
322 67 2
587 50 2
630 661 2
554 305 2
322 639 2
276 651 2
638 641 2
315 354 2
211 641 2
322 635 2
616 639 2
659 658 2
322 639 2
276 651 2
322 639 2
102 524 2
50 524 2
430 322 2
616 73 2
639 322 2
324 641 2
587 50 2
638 480 2
8 568 2
316 315 2
175 474 2
322 639 2
322 639 2
8 388 2
430 322 2
639 322 2
524 50 2
180 453 2
276 651 2
322 639 2
524 102 2
71 677 2
524 102 2
316 324 2
333 127 2
430 322 2
276 651 2
180 494 2
639 322 2
258 241 2
587 50 2
322 639 2
50 524 2
616 486 2
322 639 2
639 322 2
322 67 2
316 324 2
587 439 2
322 639 2
277 637 2
316 315 2
616 73 2
50 524 2
277 5 2
276 582 2
639 322 2
678 161 2
315 324 2
616 111 2
438 635 2
333 127 2
322 639 2
8 7 2
322 67 2
324 315 2
322 639 2
258 255 2
315 324 2
366 322 2
322 639 2
438 439 2
572 183 2
637 277 2
616 639 2
180 354 2
322 366 2
324 315 2
430 322 2
661 624 2
524 50 2
73 616 2
678 403 2
322 67 2
366 322 2
50 524 2
50 524 2
639 616 2
322 366 2
616 486 2
322 639 2
73 679 2
315 324 2
404 513 2
616 639 2
8 7 2
8 408 2
50 524 2
639 616 2
322 366 2
678 131 2
680 587 2
322 639 2
524 50 2
324 315 2
678 131 2
524 50 2
616 73 2
299 367 2
366 322 2
322 180 2
94 681 2
288 637 2
645 672 2
322 366 2
102 524 2
637 288 2
299 320 2
524 102 2
175 474 2
616 639 2
366 322 2
637 288 2
616 639 2
102 524 2
315 324 2
486 657 2
322 67 2
354 180 2
486 657 2
67 2 2
524 102 2
296 271 2
50 524 2
679 73 2
367 299 2
524 50 2
322 366 2
645 672 2
322 67 2
180 354 2
680 587 2
73 679 2
180 322 2
258 288 2
538 424 2
604 262 2
50 524 2
324 315 2
524 50 2
322 67 2
247 374 2
67 322 2
680 587 2
315 73 2
180 597 2
641 324 2
315 324 2
67 322 2
343 253 2
307 539 2
354 315 2
315 354 2
322 67 2
524 102 2
322 67 2
354 180 2
43 455 2
73 315 2
354 315 2
322 641 2
180 322 2
324 315 2
512 635 2
315 73 2
512 640 2
180 354 2
315 354 2
73 315 2
637 87 2
43 431 2
315 324 2
43 73 2
73 315 2
486 436 2
180 315 2
486 436 2
486 436 2
315 73 2
315 180 2
624 661 2
180 395 2
315 73 2
175 474 2
354 180 2
180 315 2
324 315 2
354 315 2
414 435 2
180 354 2
315 180 2
73 315 2
650 96 2
315 324 2
682 412 2
650 637 2
637 650 2
682 412 2
315 354 2
322 67 2
315 73 2
554 501 2
324 315 2
602 5 2
604 412 2
637 650 2
602 247 2
412 682 2
171 683 2
395 180 2
682 412 2
604 412 2
512 587 2
315 324 2
624 533 2
512 387 2
333 127 2
602 247 2
682 71 2
324 315 2
412 682 2
587 512 2
241 258 2
366 322 2
387 512 2
604 412 2
630 334 2
71 682 2
630 114 2
241 637 2
637 241 2
127 684 2
630 595 2
682 412 2
606 73 2
5 277 2
646 262 2
604 412 2
5 602 2
387 589 2
438 512 2
412 682 2
604 412 2
262 646 2
354 192 2
324 631 2
604 262 2
682 412 2
322 366 2
412 682 2
604 412 2
322 67 2
211 235 2
604 262 2
682 412 2
604 262 2
682 71 2
630 624 2
554 390 2
366 322 2
554 501 2
602 374 2
682 412 2
439 587 2
604 412 2
421 374 2
180 315 2
251 606 2
180 395 2
587 439 2
604 412 2
374 282 2
374 602 2
682 412 2
439 587 2
62 94 2
587 559 2
589 387 2
235 127 2
587 439 2
439 587 2
604 412 2
495 315 2
631 324 2
247 602 2
587 439 2
631 625 2
324 631 2
412 682 2
495 682 2
235 211 2
631 324 2
412 682 2
247 374 2
374 247 2
439 587 2
374 247 2
495 100 2
71 682 2
247 374 2
587 439 2
604 412 2
322 67 2
495 587 2
374 247 2
322 366 2
324 631 2
495 374 2
587 495 2
322 67 2
604 412 2
374 495 2
322 366 2
322 67 2
71 676 2
495 587 2
322 97 2
495 374 2
631 324 2
587 495 2
175 247 2
324 631 2
682 412 2
322 180 2
495 587 2
631 324 2
685 71 2
296 421 2
387 589 2
412 682 2
604 412 2
682 412 2
685 71 2
412 682 2
685 71 2
604 412 2
350 657 2
350 657 2
324 682 2
685 639 2
682 412 2
682 324 2
412 682 2
324 682 2
539 307 2
251 686 2
682 324 2
682 412 2
539 305 2
412 682 2
686 211 2
47 682 2
190 238 2
593 467 2
67 606 2
682 412 2
682 47 2
682 193 2
193 682 2
193 481 2
412 682 2
193 421 2
193 514 2
682 193 2
682 47 2
193 682 2
682 412 2
682 193 2
412 682 2
71 682 2
682 71 2
61 687 2
676 71 2
686 637 2
682 412 2
324 682 2
71 682 2
682 193 2
412 653 2
682 71 2
71 676 2
71 682 2
412 682 2
387 512 2
682 71 2
665 688 2
682 412 2
412 682 2
593 474 2
251 471 2
251 386 2
682 412 2
71 682 2
554 501 2
412 682 2
71 687 2
654 348 2
682 71 2
296 421 2
193 682 2
193 421 2
682 412 2
682 193 2
412 682 2
554 544 2
102 682 2
554 640 2
682 102 2
687 71 2
408 235 2
682 412 2
102 682 2
687 102 2
412 682 2
102 687 2
412 689 2
687 102 2
682 102 2
102 682 2
251 637 2
682 412 2
412 682 2
193 682 2
682 412 2
682 193 2
71 682 2
412 682 2
682 71 2
687 259 2
71 682 2
682 412 2
682 71 2
412 682 2
71 682 2
682 412 2
682 71 2
412 682 2
682 71 2
682 412 2
519 320 2
71 682 2
412 682 2
682 71 2
682 412 2
412 682 2
71 682 2
682 412 2
682 71 2
682 71 2
71 682 2
412 682 2
71 682 2
682 412 2
682 71 2
412 682 2
71 682 2
682 71 2
71 682 2
682 412 2
412 682 2
682 412 2
637 87 2
625 98 2
637 251 2
637 686 2
637 395 2
637 97 2
625 631 2
446 611 2
637 101 2
455 653 2
341 657 2
610 71 2
8 682 2
40 374 2
320 299 2
320 2 2
320 662 2
253 343 2
40 514 2
95 61 2
66 429 2
265 662 2
66 682 2
265 251 2
265 690 2
265 687 2
265 686 2
265 691 2
265 692 2
265 679 2
265 676 2
265 693 2
399 428 2
265 675 2
265 657 2
265 694 2
265 154 2
265 67 2
211 686 2
211 641 2
335 535 2
566 637 2
69 619 2
695 211 2
428 288 2
474 593 2
35 258 2
35 412 2
35 72 2
243 414 2
481 193 2
535 531 2
535 198 2
8 176 2
696 320 2
696 320 2
320 298 2
296 271 2
393 455 2
318 539 2
28 653 2
467 593 2
585 299 2
585 637 2
393 521 2
696 421 2
497 494 2
31 473 2
585 665 2
183 572 2
585 251 2
585 480 2
277 5 2
393 176 2
98 625 2
393 675 2
320 586 2
393 392 2
680 31 2
680 626 2
631 625 2
338 436 2
680 51 2
271 296 2
680 387 2
588 131 2
680 387 2
638 251 2
550 82 2
296 271 2
338 697 2
338 697 2
338 492 2
697 183 2
680 697 2
680 139 2
281 455 2
336 219 2
219 336 2
281 33 2
336 219 2
219 336 2
336 219 2
512 387 2
480 395 2
512 648 2
637 566 2
375 513 2
375 251 2
375 686 2
183 697 2
604 336 2
554 401 2
604 271 2
146 348 2
697 183 2
508 453 2
235 388 2
219 336 2
183 697 2
615 569 2
697 183 2
508 615 2
428 399 2
508 697 2
686 480 2
508 512 2
78 7 2
251 375 2
219 78 2
219 336 2
680 697 2
388 235 2
680 31 2
508 453 2
616 271 2
638 480 2
508 388 2
616 639 2
680 387 2
453 508 2
508 453 2
638 631 2
598 78 2
508 453 2
638 686 2
616 73 2
638 508 2
508 453 2
453 508 2
508 453 2
161 367 2
616 253 2
219 307 2
616 676 2
508 301 2
508 453 2
198 535 2
616 258 2
508 453 2
641 322 2
508 453 2
616 102 2
616 556 2
322 641 2
251 597 2
672 336 2
672 619 2
698 244 2
645 672 2
399 428 2
672 421 2
645 672 2
645 672 2
371 436 2
371 374 2
672 87 2
235 388 2
672 453 2
645 682 2
251 597 2
625 98 2
316 307 2
625 631 2
348 146 2
481 597 2
288 428 2
388 235 2
338 625 2
316 679 2
338 288 2
288 597 2
271 296 2
625 589 2
648 512 2
102 616 2
375 251 2
316 658 2
271 296 2
625 648 2
597 251 2
338 597 2
597 288 2
338 313 2
102 440 2
625 688 2
648 625 2
625 648 2
597 481 2
589 625 2
648 625 2
102 698 2
203 480 2
338 440 2
686 480 2
589 648 2
371 313 2
102 313 2
648 589 2
251 597 2
638 686 2
102 687 2
597 251 2
301 556 2
301 673 2
301 651 2
281 102 2
251 597 2
251 597 2
29 102 2
597 251 2
597 251 2
305 539 2
680 305 2
276 421 2
699 480 2
276 608 2
597 541 2
276 648 2
35 316 2
682 66 2
585 588 2
585 251 2
585 480 2
554 439 2
651 301 2
276 648 2
585 480 2
35 128 2
585 615 2
403 5 2
276 648 2
403 367 2
696 421 2
276 648 2
133 102 2
535 198 2
71 610 2
585 697 2
160 161 2
227 625 2
421 672 2
219 645 2
276 421 2
421 597 2
480 686 2
696 421 2
480 686 2
494 497 2
480 428 2
494 180 2
494 423 2
696 421 2
480 395 2
251 597 2
251 597 2
550 672 2
700 480 2
35 128 2
550 33 2
35 280 2
550 82 2
616 271 2
604 271 2
295 193 2
494 253 2
480 641 2
700 480 2
480 386 2
700 253 2
276 648 2
700 480 2
35 128 2
253 494 2
276 648 2
700 480 2
696 421 2
618 193 2
700 253 2
276 648 2
700 480 2
47 682 2
455 393 2
700 253 2
131 588 2
276 648 2
672 421 2
421 672 2
481 597 2
672 421 2
276 648 2
700 253 2
550 672 2
700 480 2
144 478 2
550 61 2
144 253 2
700 253 2
276 648 2
288 597 2
550 455 2
481 597 2
276 648 2
253 494 2
550 672 2
700 253 2
276 648 2
680 51 2
276 648 2
211 387 2
550 672 2
276 648 2
700 253 2
550 589 2
700 253 2
276 648 2
700 253 2
550 672 2
244 698 2
276 648 2
276 648 2
11 100 2
11 299 2
276 648 2
700 253 2
700 253 2
672 412 2
672 553 2
276 648 2
641 322 2
641 480 2
11 388 2
538 535 2
324 572 2
258 597 2
276 648 2
11 478 2
11 7 2
585 672 2
276 648 2
276 648 2
585 672 2
11 535 2
672 701 2
211 702 2
144 253 2
11 535 2
550 672 2
550 672 2
550 672 2
539 615 2
550 61 2
550 672 2
550 589 2
336 219 2
203 102 2
550 589 2
146 348 2
356 133 2
251 597 2
550 672 2
336 672 2
550 61 2
371 494 2
102 672 2
453 672 2
285 399 2
696 72 2
703 211 2
703 71 2
11 388 2
11 535 2
682 47 2
462 513 2
696 643 2
643 595 2
102 682 2
393 455 2
11 388 2
276 648 2
553 672 2
512 648 2
512 262 2
648 512 2
367 403 2
672 336 2
685 639 2
685 71 2
685 338 2
685 71 2
98 7 2
276 171 2
686 478 2
580 327 2
704 153 2
483 705 2
685 71 2
585 672 2
585 686 2
685 262 2
585 686 2
585 615 2
8 281 2
643 625 2
643 625 2
98 625 2
8 682 2
643 546 2
546 643 2
436 371 2
643 546 2
123 322 2
643 706 2
180 494 2
677 322 2
703 706 2
677 436 2
589 512 2
531 535 2
399 285 2
33 706 2
211 235 2
677 706 2
350 597 2
399 620 2
180 453 2
336 672 2
399 395 2
7 98 2
175 706 2
677 211 2
175 183 2
535 531 2
638 631 2
638 480 2
568 190 2
453 180 2
677 698 2
399 436 2
616 339 2
677 571 2
301 651 2
678 161 2
678 25 2
593 474 2
616 399 2
678 687 2
677 569 2
211 677 2
593 467 2
616 301 2
616 301 2
648 336 2
336 648 2
336 280 2
98 7 2
399 682 2
238 190 2
637 531 2
582 336 2
637 241 2
648 336 2
572 324 2
399 616 2
251 462 2
336 648 2
637 602 2
648 336 2
348 146 2
399 616 2
336 582 2
585 401 2
494 253 2
455 393 2
494 371 2
512 589 2
399 637 2
673 301 2
377 480 2
585 706 2
8 682 2
262 512 2
180 494 2
8 707 2
180 453 2
298 253 2
637 399 2
399 512 2
298 320 2
180 96 2
73 706 2
73 707 2
399 597 2
87 672 2
508 706 2
73 698 2
72 73 2
512 262 2
696 72 2
512 399 2
73 72 2
399 223 2
399 223 2
72 73 2
643 51 2
223 399 2
643 51 2
262 512 2
512 262 2
280 336 2
480 377 2
399 223 2
696 73 2
708 688 2
696 72 2
568 605 2
262 512 2
680 51 2
223 399 2
235 388 2
399 223 2
223 399 2
235 211 2
550 61 2
223 399 2
371 436 2
597 399 2
550 33 2
371 494 2
399 223 2
223 399 2
473 399 2
538 535 2
395 480 2
519 637 2
460 406 2
223 399 2
704 706 2
395 480 2
550 123 2
406 460 2
704 709 2
704 709 2
704 709 2
406 460 2
436 371 2
406 424 2
40 706 2
399 223 2
301 673 2
395 399 2
658 412 2
356 658 2
322 123 2
399 473 2
363 531 2
322 677 2
356 710 2
399 223 2
399 395 2
473 399 2
356 597 2
512 262 2
273 200 2
399 322 2
273 200 2
480 395 2
322 399 2
399 62 2
395 399 2
273 200 2
399 322 2
395 480 2
322 399 2
262 512 2
273 200 2
399 597 2
480 395 2
601 296 2
33 697 2
673 301 2
480 5 2
597 399 2
513 697 2
296 271 2
273 200 2
597 399 2
513 395 2
480 395 2
703 711 2
276 601 2
637 251 2
399 597 2
637 686 2
637 602 2
703 710 2
637 322 2
395 480 2
296 271 2
597 399 2
296 601 2
395 480 2
703 711 2
712 183 2
371 436 2
462 251 2
399 395 2
453 180 2
399 597 2
582 336 2
211 479 2
712 235 2
273 644 2
585 686 2
371 384 2
213 711 2
480 395 2
350 98 2
597 399 2
251 462 2
597 399 2
711 213 2
251 462 2
521 393 2
712 713 2
399 658 2
712 711 2
399 597 2
31 710 2
712 102 2
53 392 2
710 31 2
5 480 2
712 350 2
31 707 2
31 710 2
597 399 2
711 5 2
712 31 2
712 711 2
399 597 2
710 31 2
658 399 2
5 711 2
712 714 2
597 399 2
31 710 2
712 711 2
711 5 2
712 31 2
480 5 2
109 637 2
712 715 2
678 371 2
5 711 2
5 480 2
712 16 2
710 31 2
678 371 2
712 104 2
711 5 2
712 358 2
31 710 2
71 682 2
712 711 2
711 211 2
712 31 2
712 171 2
399 658 2
211 711 2
615 539 2
712 711 2
238 190 2
712 155 2
712 716 2
712 717 2
712 241 2
615 508 2
712 31 2
273 702 2
712 711 2
5 711 2
585 615 2
712 102 2
211 711 2
7 98 2
712 101 2
712 399 2
711 5 2
161 160 2
273 718 2
98 7 2
211 711 2
7 98 2
710 31 2
273 719 2
211 711 2
100 183 2
232 18 2
273 596 2
680 31 2
680 658 2
5 711 2
211 711 2
711 5 2
5 711 2
273 643 2
711 5 2
712 241 2
712 481 2
5 711 2
211 235 2
126 706 2
273 5 2
211 711 2
711 5 2
211 677 2
712 711 2
102 711 2
98 7 2
711 102 2
5 711 2
399 720 2
102 711 2
712 171 2
602 721 2
594 320 2
602 627 2
712 235 2
711 5 2
211 711 2
461 102 2
602 514 2
704 706 2
711 102 2
594 566 2
645 682 2
626 722 2
712 102 2
620 399 2
712 399 2
180 453 2
712 711 2
712 126 2
712 723 2
5 711 2
233 182 2
712 481 2
533 624 2
597 258 2
597 350 2
597 251 2
422 597 2
711 5 2
712 481 2
5 711 2
5 711 2
422 100 2
712 711 2
422 597 2
711 5 2
384 273 2
211 711 2
5 711 2
198 535 2
711 5 2
198 672 2
481 193 2
395 399 2
718 357 2
481 395 2
685 102 2
685 262 2
685 639 2
535 198 2
711 5 2
211 711 2
336 631 2
102 711 2
211 711 2
211 711 2
711 102 2
682 399 2
685 718 2
696 697 2
102 711 2
682 399 2
61 235 2
711 102 2
682 71 2
102 711 2
682 645 2
682 102 2
711 718 2
711 102 2
550 33 2
625 98 2
102 682 2
251 597 2
696 72 2
653 412 2
102 711 2
597 336 2
597 336 2
408 190 2
610 71 2
653 412 2
724 388 2
685 262 2
316 307 2
560 349 2
336 597 2
711 102 2
96 180 2
213 711 2
412 658 2
73 606 2
414 243 2
213 273 2
8 682 2
724 606 2
98 625 2
625 98 2
724 706 2
408 73 2
725 96 2
685 262 2
306 316 2
377 480 2
625 648 2
653 98 2
725 96 2
377 395 2
722 648 2
306 316 2
725 316 2
725 96 2
306 316 2
8 698 2
725 96 2
96 725 2
333 363 2
262 336 2
8 710 2
336 262 2
262 336 2
8 710 2
102 711 2
336 262 2
726 560 2
727 711 2
276 171 2
98 625 2
127 235 2
203 535 2
727 710 2
203 535 2
183 100 2
598 73 2
703 62 2
96 725 2
539 587 2
597 336 2
727 559 2
535 531 2
727 728 2
616 301 2
727 729 2
102 730 2
731 232 2
336 597 2
616 399 2
276 608 2
102 586 2
616 399 2
71 682 2
62 399 2
102 616 2
71 610 2
616 339 2
587 539 2
333 127 2
276 608 2
102 377 2
62 723 2
501 467 2
616 102 2
461 102 2
616 73 2
480 377 2
251 480 2
517 643 2
62 718 2
726 296 2
280 336 2
280 331 2
102 616 2
480 251 2
276 608 2
280 316 2
616 513 2
102 461 2
395 377 2
251 480 2
37 474 2
251 480 2
480 251 2
732 560 2
276 608 2
616 102 2
732 711 2
726 587 2
251 72 2
251 480 2
72 251 2
727 62 2
682 71 2
251 72 2
616 467 2
276 608 2
37 474 2
253 560 2
72 251 2
560 253 2
678 371 2
37 474 2
198 535 2
180 96 2
276 517 2
395 480 2
682 296 2
276 608 2
461 102 2
37 474 2
253 625 2
535 198 2
62 192 2
71 610 2
727 401 2
560 253 2
37 474 2
276 608 2
560 253 2
37 474 2
37 474 2
453 180 2
560 253 2
96 180 2
276 608 2
388 235 2
255 338 2
462 251 2
560 253 2
657 486 2
37 474 2
672 198 2
37 474 2
678 403 2
37 474 2
37 474 2
354 315 2
397 464 2
657 350 2
37 474 2
276 608 2
678 371 2
281 255 2
37 474 2
5 711 2
180 453 2
727 62 2
62 724 2
645 682 2
37 474 2
37 127 2
5 711 2
18 232 2
680 625 2
726 388 2
180 96 2
276 608 2
18 330 2
560 253 2
96 180 2
276 608 2
637 241 2
637 109 2
190 364 2
637 645 2
659 724 2
726 733 2
637 725 2
37 474 2
677 211 2
596 273 2
677 71 2
604 73 2
37 127 2
71 682 2
37 474 2
342 423 2
616 102 2
712 723 2
276 608 2
62 312 2
637 97 2
453 180 2
276 608 2
643 273 2
37 474 2
677 474 2
276 608 2
37 474 2
643 517 2
276 608 2
180 453 2
193 481 2
637 253 2
37 474 2
616 73 2
37 474 2
604 73 2
276 608 2
37 474 2
453 180 2
235 388 2
727 616 2
276 608 2
637 241 2
37 501 2
604 87 2
513 616 2
198 672 2
180 453 2
342 734 2
703 62 2
276 608 2
37 474 2
235 127 2
37 474 2
408 190 2
616 513 2
37 501 2
276 608 2
643 710 2
94 62 2
72 625 2
62 94 2
474 677 2
37 474 2
710 643 2
315 354 2
276 608 2
336 280 2
315 354 2
604 336 2
71 643 2
513 385 2
271 280 2
604 336 2
616 271 2
604 316 2
37 474 2
102 616 2
657 162 2
397 464 2
276 608 2
37 474 2
643 71 2
604 336 2
162 657 2
637 253 2
616 102 2
560 253 2
637 109 2
26 277 2
391 227 2
616 336 2
604 624 2
276 608 2
616 316 2
71 643 2
604 336 2
162 657 2
643 71 2
277 26 2
72 388 2
37 474 2
102 461 2
37 474 2
276 608 2
367 735 2
637 253 2
37 474 2
703 62 2
37 501 2
643 710 2
258 616 2
637 455 2
71 643 2
604 367 2
72 459 2
560 253 2
276 608 2
637 322 2
637 253 2
72 390 2
727 616 2
643 71 2
604 367 2
26 277 2
637 253 2
703 62 2
560 253 2
637 288 2
72 657 2
276 608 2
710 643 2
307 316 2
461 102 2
686 462 2
276 608 2
616 322 2
481 193 2
8 682 2
219 645 2
37 474 2
625 72 2
277 26 2
276 608 2
604 367 2
62 384 2
736 626 2
8 710 2
560 253 2
604 253 2
637 322 2
637 253 2
354 315 2
37 501 2
37 127 2
71 643 2
276 608 2
560 253 2
37 474 2
637 262 2
604 253 2
637 253 2
8 637 2
384 62 2
37 501 2
26 277 2
73 616 2
604 253 2
276 608 2
354 315 2
190 737 2
37 474 2
94 62 2
276 608 2
637 253 2
62 384 2
604 73 2
37 474 2
616 73 2
680 625 2
643 710 2
604 367 2
37 501 2
637 262 2
384 62 2
737 190 2
276 262 2
737 190 2
37 474 2
276 608 2
737 190 2
62 94 2
710 643 2
737 190 2
738 615 2
737 190 2
349 616 2
614 739 2
349 631 2
67 322 2
322 67 2
616 639 2
62 384 2
616 73 2
604 367 2
276 608 2
643 710 2
322 67 2
37 474 2
616 322 2
262 276 2
315 354 2
648 722 2
637 322 2
37 474 2
322 616 2
277 26 2
276 262 2
616 72 2
276 608 2
67 322 2
262 276 2
637 384 2
315 354 2
322 67 2
637 262 2
616 322 2
331 280 2
322 616 2
37 501 2
630 624 2
349 616 2
604 367 2
67 322 2
637 262 2
384 62 2
37 474 2
333 127 2
630 436 2
637 541 2
604 725 2
94 62 2
438 589 2
73 462 2
37 501 2
384 637 2
679 316 2
438 589 2
72 462 2
637 384 2
301 616 2
637 384 2
637 262 2
438 589 2
37 474 2
616 301 2
62 384 2
276 262 2
276 608 2
604 367 2
62 94 2
738 5 2
338 255 2
72 616 2
262 276 2
727 616 2
637 601 2
480 395 2
37 501 2
727 616 2
616 72 2
37 474 2
37 474 2
560 126 2
37 474 2
354 315 2
276 262 2
37 474 2
211 677 2
637 262 2
276 608 2
604 367 2
481 315 2
262 276 2
322 67 2
37 474 2
354 315 2
37 474 2
727 616 2
276 262 2
37 474 2
604 367 2
322 718 2
727 322 2
645 637 2
589 582 2
727 616 2
118 616 2
94 62 2
276 608 2
582 589 2
67 322 2
616 118 2
322 67 2
276 608 2
37 474 2
349 616 2
322 645 2
541 459 2
725 96 2
604 412 2
101 354 2
685 262 2
118 616 2
101 322 2
315 354 2
725 96 2
37 474 2
377 395 2
67 322 2
37 474 2
604 367 2
315 354 2
276 608 2
50 524 2
276 608 2
315 324 2
315 495 2
604 725 2
354 101 2
367 541 2
315 101 2
276 608 2
315 324 2
604 367 2
354 315 2
395 480 2
541 251 2
541 251 2
322 101 2
276 608 2
315 354 2
322 67 2
324 644 2
395 377 2
604 336 2
354 315 2
324 96 2
101 96 2
67 322 2
96 324 2
354 315 2
62 94 2
101 97 2
322 67 2
276 608 2
354 101 2
96 101 2
354 101 2
96 725 2
101 354 2
315 324 2
324 96 2
35 72 2
96 101 2
35 280 2
96 324 2
354 101 2
101 96 2
276 608 2
438 101 2
324 96 2
96 324 2
315 324 2
559 587 2
276 608 2
350 657 2
324 315 2
97 101 2
276 608 2
531 535 2
94 62 2
315 354 2
324 531 2
276 608 2
101 97 2
315 725 2
354 315 2
94 711 2
725 315 2
276 608 2
725 96 2
531 363 2
467 616 2
315 725 2
643 101 2
132 436 2
725 315 2
96 725 2
725 315 2
315 725 2
685 541 2
315 725 2
725 96 2
582 738 2
315 354 2
725 315 2
296 726 2
315 324 2
296 682 2
96 725 2
354 315 2
315 725 2
315 354 2
685 262 2
324 315 2
682 645 2
725 96 2
740 541 2
725 315 2
682 71 2
315 354 2
387 736 2
96 725 2
725 96 2
541 740 2
315 725 2
96 725 2
685 541 2
71 682 2
37 501 2
626 544 2
259 566 2
259 570 2
541 582 2
259 282 2
481 453 2
259 173 2
685 541 2
512 722 2
259 235 2
259 687 2
541 324 2
732 501 2
461 741 2
685 541 2
461 100 2
397 464 2
324 541 2
461 315 2
582 541 2
127 235 2
461 298 2
296 233 2
481 388 2
52 324 2
570 637 2
127 714 2
52 324 2
539 587 2
52 324 2
52 324 2
324 742 2
324 706 2
235 127 2
251 541 2
251 462 2
52 324 2
645 51 2
127 235 2
233 296 2
399 616 2
399 682 2
399 720 2
494 180 2
494 371 2
535 531 2
637 570 2
637 241 2
637 384 2
637 725 2
637 94 2
637 645 2
637 743 2
738 582 2
738 582 2
341 657 2
243 414 2
719 273 2
461 637 2
198 535 2
535 198 2
535 198 2
544 626 2
722 512 2
0 322 2
66 395 2
302 193 2
2 67 2
508 615 2
685 320 2
430 298 2
508 453 2
582 738 2
508 315 2
508 301 2
508 305 2
508 259 2
203 180 2
203 535 2
355 535 2
414 243 2
459 541 2
587 539 2
293 512 2
275 710 2
26 277 2
738 744 2
397 464 2
648 631 2
526 745 2
712 481 2
712 713 2
712 235 2
589 439 2
513 176 2
712 241 2
712 711 2
227 391 2
253 265 2
644 324 2
712 102 2
644 273 2
712 171 2
712 183 2
746 220 2
712 362 2
711 5 2
712 73 2
712 371 2
616 118 2
712 101 2
712 680 2
285 399 2
712 282 2
62 513 2
616 399 2
712 350 2
616 72 2
363 531 2
712 66 2
604 87 2
712 747 2
384 2 2
712 736 2
712 737 2
160 161 2
616 160 2
461 616 2
712 725 2
616 123 2
593 467 2
712 719 2
712 705 2
616 461 2
712 739 2
259 508 2
712 748 2
712 749 2
160 616 2
712 750 2
259 282 2
259 102 2
123 616 2
616 160 2
616 123 2
712 123 2
616 461 2
160 616 2
712 251 2
495 315 2
461 616 2
123 616 2
712 324 2
467 593 2
712 160 2
461 616 2
333 363 2
616 160 2
712 461 2
712 387 2
616 461 2
302 211 2
616 123 2
160 616 2
35 280 2
604 123 2
712 89 2
461 616 2
35 72 2
160 220 2
616 461 2
712 338 2
616 160 2
616 461 2
461 616 2
123 616 2
604 123 2
722 648 2
712 123 2
98 193 2
712 725 2
604 123 2
712 160 2
712 461 2
712 387 2
712 183 2
68 726 2
35 128 2
68 648 2
604 123 2
35 280 2
519 7 2
349 616 2
751 501 2
643 96 2
453 180 2
501 751 2
453 508 2
253 265 2
653 737 2
643 653 2
751 501 2
501 751 2
630 436 2
751 501 2
513 62 2
738 336 2
501 751 2
738 316 2
751 501 2
738 307 2
745 526 2
738 307 2
395 66 2
424 406 2
371 494 2
647 722 2
751 501 2
371 453 2
130 752 2
341 582 2
604 123 2
371 481 2
52 324 2
371 752 2
371 481 2
75 398 2
494 371 2
371 494 2
639 616 2
371 494 2
371 494 2
316 616 2
616 639 2
616 316 2
316 738 2
639 616 2
316 616 2
616 639 2
69 89 2
738 316 2
639 616 2
616 316 2
604 123 2
604 123 2
616 639 2
738 336 2
326 588 2
324 644 2
326 616 2
651 301 2
72 616 2
753 738 2
118 616 2
696 72 2
753 754 2
349 616 2
696 740 2
72 696 2
651 755 2
696 72 2
211 756 2
696 740 2
677 474 2
51 645 2
740 696 2
52 324 2
211 302 2
651 706 2
710 275 2
307 738 2
616 72 2
47 752 2
275 710 2
752 47 2
508 453 2
473 399 2
211 47 2
388 726 2
388 235 2
388 72 2
570 651 2
388 481 2
8 281 2
47 752 2
752 757 2
47 752 2
752 757 2
8 682 2
752 47 2
752 757 2
752 757 2
47 752 2
651 570 2
47 752 2
710 275 2
752 757 2
757 740 2
757 740 2
253 696 2
8 710 2
8 560 2
8 696 2
464 397 2
752 757 2
752 757 2
752 47 2
277 26 2
47 752 2
752 47 2
752 757 2
711 757 2
757 711 2
752 47 2
400 367 2
757 711 2
757 47 2
271 616 2
752 757 2
757 639 2
711 757 2
757 711 2
235 388 2
556 301 2
752 757 2
47 752 2
47 757 2
757 47 2
47 757 2
752 757 2
47 752 2
752 47 2
752 757 2
752 47 2
757 47 2
638 508 2
47 752 2
757 47 2
349 616 2
47 752 2
47 757 2
47 757 2
757 47 2
40 742 2
615 508 2
47 757 2
388 235 2
400 638 2
72 696 2
72 616 2
512 588 2
752 371 2
438 544 2
35 72 2
47 757 2
541 316 2
348 752 2
391 738 2
391 227 2
391 227 2
364 190 2
740 757 2
616 271 2
541 324 2
616 72 2
616 118 2
324 541 2
720 399 2
118 616 2
307 758 2
35 280 2
481 388 2
614 307 2
31 752 2
630 436 2
643 324 2
643 101 2
324 643 2
473 308 2
546 643 2
638 400 2
473 643 2
397 464 2
643 324 2
243 414 2
680 589 2
324 643 2
371 752 2
637 400 2
637 288 2
637 241 2
188 143 2
637 519 2
637 725 2
637 461 2
227 391 2
733 726 2
642 757 2
643 324 2
637 364 2
624 436 2
188 707 2
556 100 2
513 100 2
188 370 2
740 211 2
473 740 2
391 227 2
271 616 2
473 688 2
637 268 2
637 561 2
98 153 2
616 271 2
461 637 2
182 102 2
182 233 2
182 268 2
759 473 2
643 392 2
538 535 2
643 516 2
703 503 2
703 259 2
589 401 2
538 535 2
2 98 2
2 384 2
643 616 2
401 589 2
677 474 2
324 643 2
760 746 2
643 752 2
298 461 2
643 182 2
643 324 2
589 401 2
324 643 2
40 745 2
271 296 2
637 461 2
637 548 2
637 548 2
123 100 2
637 548 2
680 761 2
123 710 2
727 322 2
637 559 2
401 589 2
710 123 2
123 710 2
210 596 2
248 473 2
727 711 2
710 546 2
473 123 2
710 123 2
461 298 2
210 596 2
401 631 2
637 504 2
637 461 2
637 340 2
626 761 2
637 292 2
8 710 2
657 162 2
657 72 2
616 643 2
40 745 2
566 762 2
566 762 2
102 616 2
73 752 2
616 102 2
616 513 2
513 616 2
102 616 2
585 757 2
513 391 2
566 752 2
585 182 2
18 763 2
123 473 2
616 102 2
123 710 2
102 616 2
585 503 2
585 453 2
210 592 2
604 271 2
473 123 2
592 210 2
235 388 2
678 403 2
473 73 2
604 73 2
616 102 2
176 393 2
176 513 2
604 73 2
494 262 2
513 176 2
37 501 2
161 160 2
682 47 2
333 363 2
210 592 2
72 616 2
40 183 2
192 354 2
501 751 2
392 643 2
192 62 2
732 392 2
732 711 2
50 657 2
732 625 2
94 637 2
616 72 2
349 616 2
68 751 2
732 535 2
436 624 2
68 648 2
616 513 2
68 74 2
414 243 2
641 322 2
752 47 2
616 349 2
582 71 2
349 616 2
752 47 2
752 371 2
71 582 2
616 349 2
752 643 2
582 71 2
752 130 2
102 616 2
752 566 2
604 616 2
752 73 2
631 401 2
473 641 2
298 461 2
71 582 2
8 176 2
757 642 2
757 740 2
582 71 2
247 373 2
391 513 2
71 582 2
8 696 2
8 408 2
625 737 2
37 501 2
524 210 2
37 342 2
28 656 2
757 625 2
47 682 2
680 710 2
680 757 2
47 752 2
371 494 2
47 752 2
102 757 2
428 399 2
428 480 2
724 473 2
371 710 2
643 752 2
371 638 2
102 710 2
367 400 2
638 371 2
371 535 2
371 638 2
371 428 2
371 568 2
371 568 2
538 764 2
638 371 2
391 371 2
738 391 2
538 764 2
248 473 2
568 371 2
371 638 2
371 391 2
682 47 2
371 568 2
253 29 2
602 282 2
568 371 2
47 682 2
371 757 2
371 765 2
371 568 2
757 371 2
757 102 2
765 371 2
371 568 2
248 473 2
248 473 2
638 371 2
371 757 2
371 765 2
371 638 2
766 765 2
757 371 2
641 473 2
296 271 2
473 641 2
641 757 2
641 473 2
473 641 2
461 298 2
641 473 2
473 641 2
757 641 2
757 641 2
641 757 2
641 757 2
73 752 2
568 371 2
678 61 2
765 371 2
641 734 2
641 720 2
516 95 2
625 757 2
73 757 2
682 47 2
192 537 2
757 73 2
757 625 2
757 641 2
678 473 2
537 192 2
47 682 2
678 473 2
192 537 2
594 171 2
262 494 2
537 192 2
678 473 2
192 537 2
171 594 2
73 757 2
262 316 2
262 336 2
262 271 2
478 757 2
262 307 2
262 280 2
262 331 2
594 171 2
757 478 2
682 47 2
594 320 2
478 757 2
537 192 2
537 192 2
625 757 2
71 767 2
192 537 2
198 71 2
447 710 2
703 757 2
535 371 2
508 615 2
508 453 2
508 271 2
508 315 2
478 473 2
271 508 2
508 305 2
473 478 2
508 271 2
703 392 2
591 73 2
478 473 2
591 349 2
591 621 2
40 768 2
71 198 2
473 478 2
703 296 2
508 591 2
591 508 2
703 95 2
508 363 2
767 563 2
738 539 2
508 591 2
322 641 2
508 139 2
757 625 2
508 757 2
757 478 2
318 337 2
727 322 2
26 277 2
678 71 2
761 626 2
737 625 2
766 765 2
761 757 2
757 761 2
37 591 2
480 428 2
703 757 2
18 710 2
732 757 2
641 757 2
678 71 2
638 508 2
641 322 2
232 731 2
732 296 2
680 761 2
653 737 2
732 638 2
448 131 2
732 453 2
604 271 2
307 768 2
448 288 2
740 757 2
740 473 2
585 757 2
306 316 2
757 740 2
478 757 2
73 591 2
703 765 2
192 232 2
491 597 2
732 757 2
757 478 2
740 757 2
769 453 2
757 740 2
73 72 2
401 631 2
757 740 2
644 324 2
604 316 2
696 740 2
767 71 2
757 761 2
192 594 2
761 757 2
324 644 2
94 653 2
71 767 2
718 153 2
718 153 2
718 153 2
767 213 2
508 453 2
757 761 2
550 591 2
356 752 2
769 296 2
767 71 2
595 316 2
33 395 2
98 653 2
767 71 2
653 98 2
400 367 2
7 770 2
653 94 2
740 757 2
400 638 2
253 696 2
513 616 2
71 767 2
726 388 2
753 582 2
696 740 2
513 391 2
678 71 2
678 101 2
73 764 2
696 740 2
604 340 2
757 740 2
306 316 2
71 767 2
653 94 2
72 752 2
678 101 2
696 740 2
351 96 2
740 757 2
653 33 2
306 641 2
752 72 2
508 388 2
696 740 2
399 285 2
508 453 2
696 740 2
72 752 2
752 73 2
757 740 2
306 641 2
752 72 2
356 757 2
620 771 2
72 388 2
696 740 2
746 760 2
388 481 2
616 513 2
772 400 2
718 711 2
740 757 2
306 641 2
388 235 2
72 752 2
277 26 2
388 726 2
388 72 2
399 616 2
752 72 2
262 761 2
391 513 2
757 740 2
767 773 2
101 757 2
72 752 2
399 473 2
740 757 2
757 101 2
641 773 2
696 740 2
96 351 2
752 72 2
773 641 2
752 72 2
757 740 2
356 757 2
767 773 2
738 301 2
641 773 2
40 718 2
767 773 2
591 73 2
740 757 2
253 351 2
356 757 2
494 262 2
773 641 2
371 757 2
371 391 2
773 774 2
604 510 2
275 710 2
478 752 2
625 737 2
740 757 2
641 672 2
770 7 2
478 711 2
371 568 2
757 740 2
399 395 2
371 765 2
641 773 2
371 535 2
767 773 2
710 275 2
775 400 2
371 391 2
752 478 2
72 752 2
760 746 2
757 740 2
604 399 2
356 757 2
757 371 2
773 641 2
753 582 2
775 772 2
94 591 2
604 271 2
371 388 2
276 776 2
641 773 2
371 760 2
491 773 2
356 757 2
591 94 2
752 72 2
183 388 2
591 94 2
491 711 2
753 582 2
604 399 2
753 777 2
778 606 2
703 392 2
72 752 2
680 51 2
356 757 2
491 773 2
399 606 2
738 777 2
672 641 2
219 478 2
752 72 2
678 71 2
641 672 2
591 305 2
761 262 2
773 641 2
72 752 2
604 643 2
568 371 2
641 773 2
606 399 2
491 773 2
473 740 2
761 625 2
399 757 2
604 399 2
356 757 2
761 47 2
473 399 2
585 773 2
47 682 2
491 773 2
491 773 2
591 284 2
47 761 2
399 606 2
641 366 2
371 72 2
366 641 2
752 72 2
33 591 2
399 473 2
757 399 2
371 757 2
7 770 2
94 591 2
371 568 2
72 752 2
585 767 2
604 643 2
491 773 2
591 33 2
606 399 2
371 568 2
72 371 2
761 561 2
68 726 2
102 616 2
641 366 2
473 399 2
591 94 2
727 322 2
585 773 2
678 71 2
604 399 2
727 761 2
760 387 2
366 641 2
554 761 2
33 591 2
399 606 2
94 591 2
779 40 2
211 740 2
591 33 2
387 760 2
535 371 2
180 494 2
33 760 2
275 710 2
589 625 2
779 768 2
760 387 2
596 210 2
760 33 2
33 591 2
760 371 2
33 760 2
761 141 2
40 779 2
387 760 2
180 453 2
779 40 2
315 508 2
40 779 2
641 780 2
779 40 2
40 779 2
561 761 2
591 94 2
779 40 2
397 781 2
399 473 2
641 89 2
591 33 2
40 779 2
453 508 2
399 391 2
779 40 2
769 453 2
40 782 2
727 606 2
40 779 2
262 494 2
678 71 2
604 271 2
645 637 2
102 591 2
363 508 2
641 780 2
89 641 2
779 40 2
641 89 2
453 180 2
591 102 2
102 773 2
40 779 2
262 761 2
160 616 2
94 591 2
696 481 2
757 371 2
604 643 2
102 591 2
633 656 2
779 40 2
40 779 2
761 262 2
752 399 2
769 453 2
641 474 2
533 66 2
727 606 2
678 71 2
399 783 2
399 782 2
102 533 2
685 262 2
568 371 2
399 782 2
428 371 2
710 275 2
752 645 2
784 785 2
399 775 2
585 773 2
782 399 2
399 773 2
371 535 2
765 371 2
98 653 2
285 399 2
591 94 2
180 453 2
391 399 2
371 760 2
308 625 2
641 780 2
305 591 2
399 285 2
462 686 2
371 757 2
211 759 2
127 371 2
462 73 2
262 761 2
585 453 2
385 513 2
462 72 2
462 251 2
371 568 2
732 782 2
641 765 2
371 428 2
371 765 2
785 782 2
740 211 2
371 765 2
773 399 2
305 782 2
752 757 2
203 180 2
680 561 2
94 591 2
26 277 2
203 478 2
371 127 2
591 102 2
561 439 2
102 591 2
285 399 2
680 561 2
160 161 2
637 645 2
740 473 2
478 89 2
637 241 2
637 94 2
678 71 2
727 757 2
637 519 2
703 616 2
568 371 2
770 223 2
37 591 2
643 153 2
478 89 2
497 597 2
480 395 2
371 568 2
322 641 2
277 26 2
782 305 2
322 399 2
732 782 2
752 322 2
322 366 2
732 782 2
752 322 2
349 591 2
512 761 2
399 322 2
349 616 2
786 403 2
366 322 2
62 192 2
786 121 2
786 121 2
786 121 2
241 637 2
497 648 2
322 399 2
761 512 2
752 308 2
752 322 2
685 262 2
322 366 2
354 101 2
478 710 2
512 761 2
478 637 2
101 354 2
288 448 2
399 322 2
354 101 2
710 478 2
703 787 2
752 322 2
322 399 2
623 657 2
478 710 2
366 322 2
752 308 2
641 322 2
568 371 2
727 322 2
630 436 2
322 399 2
399 322 2
354 101 2
752 308 2
786 105 2
685 262 2
658 659 2
727 787 2
322 366 2
752 308 2
752 308 2
322 641 2
710 478 2
633 767 2
686 462 2
101 354 2
659 658 2
127 371 2
788 370 2
497 494 2
366 322 2
700 770 2
641 322 2
727 322 2
478 710 2
399 322 2
727 787 2
703 787 2
322 399 2
710 478 2
752 308 2
342 385 2
322 366 2
685 781 2
680 787 2
727 787 2
342 316 2
680 787 2
478 710 2
322 641 2
703 787 2
366 322 2
399 427 2
480 232 2
727 787 2
322 399 2
67 2 2
641 651 2
354 101 2
727 322 2
322 366 2
67 322 2
710 478 2
26 277 2
399 322 2
342 754 2
494 180 2
308 764 2
641 322 2
651 641 2
522 489 2
678 786 2
478 710 2
686 478 2
322 67 2
648 497 2
727 322 2
322 399 2
700 643 2
732 625 2
760 371 2
727 787 2
710 478 2
322 641 2
648 336 2
322 727 2
760 33 2
366 322 2
478 710 2
478 686 2
651 597 2
727 322 2
277 26 2
641 651 2
710 478 2
67 322 2
597 651 2
641 322 2
680 787 2
597 651 2
712 371 2
752 757 2
757 727 2
293 371 2
651 641 2
342 437 2
752 757 2
680 787 2
760 387 2
752 757 2
8 710 2
522 40 2
322 366 2
604 288 2
700 223 2
522 50 2
89 478 2
641 651 2
522 324 2
127 628 2
478 710 2
651 597 2
288 597 2
522 495 2
712 251 2
322 727 2
727 757 2
262 587 2
624 436 2
787 727 2
322 67 2
727 322 2
89 478 2
8 682 2
322 641 2
710 478 2
315 354 2
8 408 2
322 727 2
8 568 2
478 89 2
67 322 2
651 641 2
641 322 2
703 775 2
752 757 2
478 89 2
727 322 2
322 67 2
752 322 2
752 322 2
680 787 2
322 641 2
190 364 2
89 478 2
322 727 2
67 322 2
641 651 2
623 96 2
322 67 2
659 658 2
752 322 2
478 710 2
757 727 2
604 288 2
219 478 2
700 120 2
276 497 2
710 478 2
700 350 2
541 782 2
541 782 2
645 752 2
700 770 2
651 641 2
752 757 2
26 277 2
752 757 2
727 757 2
322 641 2
752 645 2
727 757 2
732 782 2
478 89 2
322 727 2
641 651 2
388 371 2
782 541 2
388 183 2
478 219 2
604 288 2
203 403 2
757 727 2
541 658 2
789 342 2
541 658 2
478 710 2
645 637 2
757 727 2
89 478 2
541 787 2
406 424 2
597 288 2
757 727 2
285 338 2
710 478 2
757 727 2
541 782 2
651 658 2
732 285 2
752 757 2
211 438 2
587 262 2
342 789 2
645 752 2
787 541 2
651 533 2
127 541 2
789 342 2
52 641 2
761 787 2
790 522 2
322 366 2
787 727 2
754 342 2
738 754 2
541 787 2
752 645 2
678 61 2
738 316 2
249 7 2
637 645 2
481 587 2
637 645 2
293 249 2
637 478 2
787 541 2
680 787 2
541 127 2
680 787 2
637 241 2
727 787 2
366 322 2
787 680 2
249 501 2
787 727 2
370 788 2
322 366 2
541 787 2
478 89 2
678 791 2
787 541 2
680 787 2
501 249 2
478 710 2
366 322 2
645 752 2
249 501 2
293 249 2
645 757 2
637 478 2
494 262 2
641 710 2
760 481 2
494 497 2
641 651 2
710 478 2
481 760 2
752 645 2
430 298 2
52 641 2
651 641 2
262 587 2
760 481 2
710 641 2
760 481 2
637 645 2
757 645 2
482 582 2
293 249 2
478 710 2
559 637 2
482 781 2
787 680 2
322 366 2
364 190 2
641 651 2
645 757 2
501 249 2
481 760 2
645 752 2
531 535 2
787 727 2
757 645 2
651 641 2
249 501 2
641 710 2
680 787 2
641 651 2
760 481 2
760 481 2
641 783 2
481 760 2
782 541 2
501 249 2
752 645 2
732 625 2
760 481 2
710 478 2
478 658 2
587 262 2
757 645 2
481 760 2
710 641 2
645 752 2
522 790 2
478 710 2
645 757 2
249 501 2
752 645 2
521 597 2
598 533 2
641 710 2
757 645 2
732 783 2
685 781 2
501 249 2
531 363 2
645 752 2
710 641 2
8 787 2
752 645 2
478 787 2
641 710 2
211 740 2
324 522 2
249 406 2
645 757 2
8 752 2
732 127 2
645 752 2
249 501 2
760 481 2
637 645 2
424 406 2
732 406 2
8 141 2
501 249 2
258 531 2
757 645 2
757 645 2
732 782 2
8 141 2
478 431 2
732 100 2
645 757 2
732 100 2
732 501 2
710 641 2
52 641 2
249 501 2
732 782 2
459 288 2
501 249 2
732 782 2
757 645 2
541 459 2
478 710 2
641 710 2
249 501 2
732 615 2
732 127 2
541 547 2
501 249 2
732 459 2
547 541 2
52 641 2
787 680 2
541 547 2
37 459 2
541 324 2
249 501 2
725 637 2
37 782 2
787 478 2
262 307 2
436 624 2
478 787 2
732 436 2
757 645 2
541 96 2
680 787 2
547 541 2
541 547 2
645 757 2
710 478 2
307 262 2
710 641 2
478 710 2
547 541 2
787 478 2
645 757 2
641 710 2
637 645 2
333 436 2
710 478 2
688 625 2
792 404 2
688 473 2
561 761 2
686 127 2
686 96 2
561 589 2
262 307 2
438 211 2
367 400 2
686 615 2
680 787 2
497 494 2
792 352 2
686 40 2
686 262 2
686 282 2
180 494 2
324 541 2
686 479 2
781 482 2
320 298 2
262 686 2
193 98 2
320 594 2
127 541 2
320 594 2
127 686 2
541 127 2
753 582 2
582 753 2
320 625 2
320 615 2
474 641 2
682 47 2
127 541 2
320 782 2
720 641 2
541 127 2
47 682 2
320 753 2
320 720 2
720 399 2
320 241 2
720 320 2
753 320 2
320 720 2
241 320 2
127 541 2
589 625 2
320 753 2
720 781 2
320 241 2
720 320 2
753 320 2
320 720 2
235 127 2
320 753 2
606 727 2
320 606 2
211 47 2
541 127 2
47 211 2
615 622 2
624 436 2
782 320 2
127 235 2
211 47 2
127 541 2
753 320 2
720 47 2
494 497 2
47 720 2
554 753 2
235 127 2
320 782 2
682 47 2
320 753 2
241 320 2
211 438 2
494 180 2
720 47 2
320 241 2
541 127 2
624 661 2
615 793 2
241 320 2
251 615 2
47 682 2
753 606 2
47 720 2
712 541 2
190 364 2
793 615 2
615 686 2
712 631 2
682 47 2
685 781 2
712 338 2
127 541 2
685 320 2
641 720 2
637 686 2
541 127 2
682 193 2
47 682 2
545 541 2
720 47 2
436 624 2
47 720 2
127 541 2
712 481 2
193 682 2
682 47 2
720 47 2
682 193 2
712 358 2
682 296 2
682 399 2
406 249 2
478 7 2
682 102 2
406 424 2
712 171 2
47 682 2
541 127 2
712 362 2
682 47 2
712 123 2
624 436 2
47 682 2
545 541 2
712 461 2
682 47 2
127 541 2
47 720 2
363 531 2
47 720 2
262 494 2
180 494 2
712 101 2
193 682 2
712 241 2
615 251 2
541 127 2
127 541 2
127 541 2
781 720 2
539 738 2
624 774 2
624 533 2
638 400 2
638 686 2
730 313 2
711 718 2
711 752 2
535 371 2
535 531 2
