546 1245 20
1126 104 20
1126 31 20
560 1309 20
560 430 20
560 1542 20
1041 1623 20
1783 2 20
1623 94 20
1623 1041 20
104 1126 20
31 1126 20
430 560 20
430 1830 20
1830 430 20
430 1830 20
144 809 20
672 31 20
508 1025 20
1783 2 20
1783 2 20
1166 428 20
1166 808 20
809 144 20
1806 40 20
1806 288 20
1806 31 20
1313 1345 20
1623 1625 20
1623 1703 20
1623 11 20
1703 1623 20
1623 1703 20
808 1166 20
1625 1623 20
1025 508 20
1623 1625 20
1782 672 20
1782 1623 20
1623 1782 20
1623 455 20
1245 546 20
31 672 20
31 1806 20
1806 31 20
11 1830 20
616 1542 20
867 11 20
616 1712 20
1049 1048 20
616 430 20
1049 1453 20
1782 1230 20
1484 1755 20
672 31 20
672 1782 20
502 1755 20
1783 2 20
430 616 20
1374 1755 20
1374 1473 20
1374 1473 20
718 1623 20
1755 502 20
11 867 20
1761 1280 20
1216 1343 20
1584 392 20
1284 999 20
31 672 20
31 1830 20
1542 616 20
1542 560 20
1542 1830 20
94 1623 20
94 1795 20
672 31 20
502 1755 20
1435 581 20
1435 50 20
1623 718 20
1623 94 20
94 1623 20
66 31 20
307 414 20
307 966 20
1623 94 20
1602 979 20
1755 502 20
581 1435 20
50 1216 20
1545 31 20
1623 478 20
31 1545 20
31 66 20
1435 581 20
94 1623 20
276 1687 20
1623 94 20
1331 1729 20
1544 1331 20
62 493 20
50 1435 20
1435 50 20
50 1435 20
94 1623 20
11 1311 20
2 35 20
2 43 20
1783 2 20
1783 2 20
1783 2 20
1545 31 20
798 522 20
0 2 20
1783 2 20
31 1545 20
442 1542 20
1311 11 20
397 672 20
1041 1623 20
397 1396 20
397 1396 20
1126 31 20
1126 104 20
1126 455 20
581 1435 20
1396 397 20
397 1396 20
455 1126 20
767 1279 20
1279 1402 20
1402 94 20
1402 1279 20
1230 1782 20
1783 2 20
1783 2 20
1782 1230 20
1435 50 20
1435 581 20
1740 1831 20
397 1012 20
104 1126 20
1279 1402 20
1623 94 20
1623 1041 20
66 782 20
616 430 20
616 1712 20
1534 1433 20
1712 616 20
430 616 20
1126 104 20
1542 442 20
1564 66 20
982 430 20
188 43 20
142 200 20
1396 397 20
1314 1723 20
502 1755 20
333 522 20
1433 1534 20
1342 414 20
672 1402 20
397 1396 20
94 1623 20
397 696 20
1675 414 20
397 1643 20
397 1675 20
397 1675 20
1675 397 20
397 1675 20
1675 397 20
1723 1314 20
1782 1723 20
1723 1782 20
1545 1785 20
1623 94 20
397 1623 20
1230 1782 20
1795 94 20
1586 672 20
672 1586 20
1402 672 20
1755 502 20
1785 1279 20
808 307 20
1643 397 20
1643 455 20
455 1643 20
430 1586 20
455 1643 20
1643 455 20
1643 455 20
397 1643 20
1782 1230 20
356 1402 20
1643 397 20
1230 1782 20
248 1025 20
397 1643 20
397 1643 20
1782 1230 20
1189 393 20
1623 397 20
1314 1723 20
397 1623 20
1012 397 20
1402 356 20
31 1126 20
1782 696 20
203 1782 20
422 446 20
428 1166 20
8 1643 20
1025 248 20
1252 1167 20
1166 428 20
502 1755 20
414 1342 20
455 1131 20
455 1131 20
1623 455 20
356 1402 20
455 1131 20
1167 1252 20
104 1126 20
1623 104 20
197 1564 20
969 1640 20
1279 1785 20
104 1623 20
66 1808 20
1561 1516 20
1516 1561 20
1230 1782 20
288 1806 20
969 1564 20
556 301 20
616 1712 20
616 430 20
1402 356 20
2 31 20
356 1402 20
430 616 20
94 1623 20
94 1795 20
94 560 20
1643 8 20
1643 397 20
1623 94 20
1755 1374 20
1782 1230 20
66 1402 20
1755 502 20
35 1788 20
502 1755 20
397 1643 20
696 1782 20
1402 66 20
1126 1226 20
11 1311 20
1830 31 20
11 1623 20
1623 11 20
1830 1542 20
31 2 20
11 1623 20
1830 11 20
397 1643 20
1755 502 20
1623 11 20
182 1675 20
104 1830 20
1723 1314 20
1311 11 20
104 1623 20
1623 104 20
94 1623 20
1623 94 20
94 1623 20
1830 104 20
1807 94 20
1623 94 20
1782 696 20
1712 616 20
1830 1751 20
104 1830 20
104 1623 20
1830 104 20
104 1830 20
356 1402 20
455 1131 20
66 1674 20
397 1780 20
1780 397 20
446 422 20
397 1780 20
1078 26 20
397 1780 20
1078 26 20
397 446 20
397 89 20
1516 709 20
982 1078 20
1230 1782 20
1078 982 20
709 1516 20
26 1078 20
1542 1830 20
1788 455 20
1788 680 20
1788 35 20
846 1131 20
1643 397 20
1131 455 20
1131 846 20
696 641 20
66 1830 20
66 1402 20
1402 356 20
1402 66 20
66 1402 20
641 696 20
1402 66 20
1078 26 20
397 1643 20
397 1643 20
1643 397 20
397 1643 20
1751 1830 20
1096 455 20
1780 397 20
1623 1780 20
604 1697 20
1623 519 20
1675 182 20
1675 182 20
35 1788 20
982 1078 20
982 984 20
1782 1230 20
1782 1830 20
1405 259 20
1830 1782 20
696 641 20
1230 1782 20
1247 130 20
1782 1830 20
1782 1230 20
1788 35 20
1788 31 20
1788 43 20
846 1131 20
397 1780 20
641 696 20
31 1788 20
66 31 20
50 1435 20
1516 709 20
0 311 20
0 131 20
1674 66 20
1755 1674 20
