696 641 21
1078 982 21
31 66 21
1755 1623 21
1623 1755 21
1755 1623 21
1830 1782 21
1788 31 21
1230 1782 21
560 94 21
1782 1830 21
560 1542 21
1542 560 21
1623 1755 21
1755 1623 21
1623 1755 21
1755 1623 21
1623 1755 21
1755 1623 21
397 1623 21
1623 397 21
397 1623 21
131 0 21
1623 397 21
397 1623 21
1755 1623 21
1623 397 21
1623 1755 21
1755 1623 21
1623 1755 21
1755 1623 21
1623 1755 21
397 1623 21
1623 397 21
397 1623 21
31 1788 21
1623 397 21
1623 1397 21
397 1623 21
560 1749 21
1542 1311 21
0 131 21
1561 1516 21
1806 288 21
1473 1374 21
1643 1757 21
616 1712 21
1674 1755 21
341 26 21
1755 1674 21
26 341 21
131 0 21
311 0 21
556 560 21
1623 556 21
982 1078 21
1126 1572 21
341 560 21
1757 1643 21
846 1487 21
0 311 21
560 556 21
560 341 21
1755 1832 21
842 1833 21
842 1834 21
1674 1755 21
809 1791 21
1041 1623 21
1041 1674 21
696 491 21
1131 846 21
41 1723 21
41 26 21
1643 1757 21
1643 397 21
1643 1757 21
66 1402 21
397 1643 21
1433 1311 21
709 1516 21
1674 1041 21
846 1131 21
455 1131 21
808 1166 21
1358 1342 21
619 26 21
1712 616 21
392 1584 21
1835 1290 21
1835 1320 21
1835 1392 21
1835 374 21
1835 142 21
1835 696 21
1835 397 21
1835 1339 21
1835 698 21
397 1835 21
397 1835 21
1628 1755 21
1835 397 21
397 1835 21
1835 397 21
94 1402 21
397 1835 21
1835 397 21
397 1835 21
94 1807 21
94 1623 21
1623 94 21
94 1623 21
1623 94 21
94 1623 21
1835 397 21
1835 1248 21
94 560 21
94 1451 21
680 1836 21
556 1623 21
144 809 21
1331 1736 21
556 560 21
1280 1761 21
1331 1311 21
1623 556 21
1311 1433 21
1311 1331 21
502 1755 21
698 1835 21
397 1835 21
1757 1643 21
1757 1643 21
1757 1643 21
259 1405 21
66 1674 21
616 1712 21
769 638 21
769 616 21
616 769 21
1166 808 21
1749 560 21
1674 66 21
1131 846 21
1131 455 21
0 1625 21
0 311 21
1625 0 21
1755 502 21
1755 1674 21
1755 1628 21
311 0 21
1625 311 21
311 1625 21
1625 311 21
556 1623 21
311 1625 21
1625 311 21
311 1625 21
1625 311 21
311 1625 21
1623 556 21
192 1564 21
556 1623 21
1623 556 21
1623 556 21
556 1623 21
1625 311 21
66 1674 21
1623 340 21
340 1623 21
393 1189 21
1623 340 21
809 174 21
1623 1051 21
1623 809 21
1051 1623 21
1623 1051 21
1623 754 21
145 2 21
1780 754 21
1674 66 21
1674 1755 21
1674 66 21
1623 104 21
2 145 21
2 145 21
0 311 21
1643 1757 21
696 807 21
1623 1810 21
1623 94 21
1755 1780 21
94 1623 21
1755 1674 21
560 1749 21
560 556 21
1281 1542 21
560 94 21
430 560 21
0 1625 21
0 131 21
696 94 21
1782 709 21
26 41 21
26 619 21
1723 41 21
1810 1623 21
1623 1810 21
1799 43 21
1331 1311 21
1835 535 21
1799 1800 21
1656 1623 21
1542 974 21
1623 1656 21
1623 724 21
1780 1755 21
428 1719 21
428 1699 21
428 371 21
145 2 21
43 0 21
0 43 21
43 0 21
0 43 21
43 0 21
1405 842 21
620 829 21
620 1646 21
31 1837 21
1835 397 21
842 1405 21
397 1835 21
1791 1051 21
0 43 21
1433 1311 21
104 1623 21
2 1648 21
846 1131 21
1749 560 21
535 1835 21
1755 428 21
1126 1339 21
51 1542 21
1640 969 21
1236 842 21
1037 131 21
1051 1791 21
1755 1780 21
556 560 21
1542 1281 21
1542 51 21
1542 108 21
1674 1542 21
1770 1126 21
1311 1433 21
26 651 21
8 1643 21
8 1189 21
8 1254 21
8 1254 21
8 1254 21
8 1254 21
8 1307 21
8 1838 21
8 1838 21
560 556 21
560 1749 21
397 1623 21
1623 397 21
560 430 21
1542 1674 21
1749 560 21
1542 1636 21
556 560 21
397 1623 21
502 1755 21
651 26 21
26 651 21
1643 8 21
41 26 21
1699 428 21
1051 634 21
1051 419 21
1749 560 21
696 1516 21
651 26 21
1755 502 21
1790 1723 21
1790 31 21
1838 8 21
619 26 21
1838 680 21
1078 982 21
1623 397 21
397 1623 21
1623 397 21
397 1623 21
1699 1838 21
1838 1699 21
1699 1838 21
1838 1699 21
1699 1838 21
1838 1699 21
1699 1838 21
502 1755 21
397 1623 21
1623 397 21
1623 397 21
397 1623 21
1623 397 21
397 1623 21
397 1623 21
1623 397 21
1623 397 21
397 1623 21
397 1623 21
1623 397 21
1623 397 21
1838 1699 21
397 1623 21
1623 397 21
1405 842 21
397 1623 21
397 1623 21
1623 345 21
1623 397 21
397 1623 21
1623 397 21
1623 1051 21
1623 1699 21
397 1623 21
1623 397 21
1699 1623 21
1623 1699 21
397 1623 21
1618 1643 21
1699 1623 21
397 1623 21
1643 1618 21
1723 1790 21
428 1699 21
1699 428 21
474 340 21
1311 0 21
1534 302 21
1402 94 21
1534 1433 21
1755 502 21
0 1311 21
1656 1623 21
1755 1564 21
1782 535 21
680 1838 21
1656 535 21
680 1838 21
1788 31 21
1542 1838 21
1433 1311 21
1788 1051 21
1564 1755 21
974 1542 21
1623 1699 21
1623 397 21
1623 397 21
1623 1656 21
94 696 21
1780 1755 21
94 1648 21
842 1236 21
1226 1126 21
430 560 21
1755 1564 21
1755 1780 21
560 556 21
397 1623 21
26 651 21
26 619 21
1780 1755 21
397 1780 21
1780 397 21
651 26 21
1755 1780 21
651 1564 21
397 1780 21
1542 974 21
1311 1433 21
1311 0 21
651 1371 21
651 1207 21
1638 1736 21
1473 1374 21
1838 680 21
556 560 21
1623 397 21
809 1623 21
535 1782 21
535 1656 21
139 556 21
808 1166 21
302 1534 21
26 41 21
1166 808 21
696 94 21
94 1838 21
94 696 21
94 560 21
560 556 21
560 94 21
1628 1755 21
1290 1835 21
26 651 21
1290 1835 21
1782 243 21
1755 1628 21
1780 1755 21
1780 397 21
1281 1542 21
502 1755 21
468 1780 21
468 502 21
468 1180 21
468 174 21
1782 1648 21
1564 491 21
1755 1780 21
1755 502 21
1623 809 21
1623 1074 21
397 1623 21
397 1780 21
1117 1736 21
1051 1788 21
1516 696 21
709 1782 21
680 1838 21
696 94 21
696 1516 21
94 1839 21
94 696 21
31 1788 21
696 94 21
428 1699 21
502 1755 21
502 468 21
446 397 21
1835 1290 21
397 446 21
397 1835 21
1157 1071 21
1835 397 21
1433 1311 21
808 1166 21
1755 1623 21
1126 1226 21
1166 808 21
1236 842 21
397 1835 21
1236 397 21
842 1236 21
842 1405 21
842 1236 21
1780 468 21
1780 1755 21
1780 397 21
651 26 21
1542 1281 21
811 522 21
1433 1311 21
1307 8 21
1433 1534 21
1623 1755 21
1623 1167 21
1167 1623 21
1623 1167 21
1618 142 21
1623 1167 21
1167 1623 21
1623 1167 21
1623 1051 21
1623 804 21
1623 1167 21
1167 1623 21
1167 1623 21
1623 1167 21
1623 1167 21
1755 1623 21
1167 1623 21
1623 1755 21
1623 1167 21
1755 1780 21
1755 1623 21
1167 1623 21
1623 1167 21
1623 1755 21
1755 502 21
1755 1623 21
1311 1433 21
1311 1433 21
508 1025 21
1838 680 21
1838 94 21
1838 1396 21
508 1838 21
1838 508 21
680 1838 21
508 1838 21
508 315 21
1623 1625 21
982 1078 21
1623 1167 21
1167 1623 21
1623 1167 21
1167 1623 21
1623 1167 21
1167 1623 21
1623 1167 21
1167 1623 21
1167 1623 21
1623 1167 21
1623 94 21
1167 1623 21
1623 1167 21
1623 1051 21
1167 1623 21
1623 1167 21
1623 473 21
473 1623 21
1167 1623 21
1623 1167 21
473 104 21
1167 1623 21
1623 473 21
1623 1167 21
1167 1623 21
808 1166 21
1623 1167 21
104 473 21
1167 1623 21
1623 1167 21
1167 1623 21
397 1780 21
397 1236 21
1167 1623 21
1810 1623 21
1623 1167 21
1623 1810 21
1623 1167 21
1623 811 21
8 1643 21
8 1838 21
1487 846 21
1600 1401 21
1810 524 21
1600 1337 21
1600 1278 21
524 1810 21
1643 8 21
1600 113 21
1600 317 21
1780 397 21
1780 1755 21
11 1830 21
397 1780 21
11 1623 21
8 1643 21
11 1643 21
8 1307 21
11 973 21
1600 1780 21
1600 1504 21
1780 1600 21
1780 397 21
1600 1780 21
397 1780 21
1600 1674 21
1433 1311 21
1600 552 21
1835 1838 21
468 1216 21
468 1780 21
468 502 21
468 524 21
340 474 21
1719 428 21
1564 651 21
1643 8 21
1643 11 21
1623 11 21
1405 1648 21
969 1640 21
