1830 11 22
1780 1600 22
1780 397 22
1780 468 22
397 1780 22
651 1564 22
26 651 22
651 26 22
1780 397 22
999 1284 22
1623 455 22
455 1623 22
1307 8 22
651 584 22
397 1780 22
142 1618 22
1254 8 22
491 1564 22
1451 94 22
94 1451 22
94 1838 22
1451 94 22
94 1402 22
1451 345 22
94 1451 22
491 1564 22
1451 94 22
94 1451 22
1623 455 22
1539 1699 22
1539 1724 22
1313 1345 22
455 104 22
502 1755 22
502 468 22
1755 502 22
1180 468 22
1755 1780 22
1180 468 22
1180 8 22
1780 397 22
1780 1755 22
1755 1780 22
1623 1348 22
524 468 22
524 1810 22
1623 491 22
1623 651 22
651 1623 22
1623 651 22
397 1780 22
1810 524 22
1216 1840 22
1810 1623 22
1623 1810 22
1623 397 22
397 1623 22
1780 1755 22
1780 397 22
94 696 22
397 1780 22
397 1623 22
397 1623 22
104 455 22
104 1830 22
1674 1600 22
820 482 22
1600 1674 22
1236 672 22
1412 453 22
1412 968 22
1412 968 22
1281 1542 22
1564 651 22
1230 1782 22
482 820 22
1755 1780 22
1131 846 22
26 651 22
1623 397 22
1623 1174 22
1780 397 22
1780 1755 22
311 0 22
311 0 22
1755 1780 22
1542 1281 22
393 1189 22
1281 1542 22
556 560 22
556 139 22
1542 1311 22
696 94 22
651 1564 22
651 26 22
1396 1838 22
709 1282 22
1166 1539 22
1623 543 22
1623 1167 22
1623 556 22
1167 1623 22
1838 1835 22
1623 1167 22
1838 508 22
1167 1623 22
1838 94 22
1838 1396 22
1167 1623 22
1782 1230 22
1539 1542 22
1623 1167 22
1623 1167 22
1623 1167 22
1167 1623 22
1623 1167 22
1167 1623 22
1623 1167 22
1167 1623 22
1167 1623 22
1167 1623 22
1623 1167 22
1623 1167 22
1167 1623 22
1623 1167 22
1167 1623 22
1623 1167 22
1167 1623 22
1623 1167 22
1167 1623 22
1623 1167 22
1167 1623 22
1623 1167 22
1167 1623 22
1623 1167 22
1167 1623 22
1051 1623 22
1623 1167 22
1623 1051 22
1051 1623 22
1623 1051 22
1167 1623 22
1623 1167 22
1167 1623 22
1623 1167 22
1167 1623 22
1623 1167 22
1167 1623 22
1623 1167 22
1167 1623 22
94 1838 22
94 696 22
1623 1167 22
94 1841 22
94 1836 22
94 923 22
94 1766 22
1542 1539 22
1623 154 22
1174 1623 22
210 0 22
210 92 22
210 672 22
0 311 22
0 311 22
0 210 22
0 311 22
696 94 22
1628 345 22
397 1290 22
1290 397 22
397 1290 22
1290 397 22
397 1290 22
1290 397 22
1311 1542 22
397 1290 22
1290 397 22
397 1290 22
1290 397 22
397 1290 22
1290 397 22
96 1747 22
317 1600 22
1337 1600 22
1539 1166 22
1539 1542 22
584 651 22
311 0 22
1712 494 22
1284 999 22
1284 26 22
1835 1025 22
1726 142 22
1729 827 22
1782 1625 22
1539 1835 22
345 1628 22
94 1842 22
651 584 22
584 651 22
651 584 22
1843 1838 22
1843 1844 22
1843 1842 22
820 482 22
1623 1174 22
1166 1539 22
1166 1539 22
502 1755 22
243 1782 22
142 1726 22
94 560 22
556 1623 22
1726 142 22
50 1435 22
1625 1782 22
43 1845 22
1623 556 22
397 1729 22
397 1729 22
1623 397 22
397 1623 22
1623 397 22
397 1729 22
397 1623 22
397 1623 22
1623 397 22
1623 397 22
1623 280 22
1623 1757 22
397 1623 22
1623 397 22
397 1623 22
1623 397 22
560 94 22
1623 1348 22
1623 397 22
397 1623 22
397 1623 22
1623 397 22
397 1623 22
1623 397 22
397 1623 22
397 1623 22
1623 397 22
1623 397 22
397 1623 22
1623 397 22
397 1623 22
1623 397 22
397 1623 22
1623 397 22
397 1623 22
1623 397 22
397 1623 22
1623 397 22
397 1623 22
1623 397 22
397 1623 22
1623 397 22
397 1623 22
1623 397 22
397 1623 22
1623 397 22
397 1623 22
397 1623 22
1623 397 22
397 1623 22
1623 397 22
397 1623 22
397 1623 22
1623 397 22
1623 397 22
397 1623 22
1623 397 22
1623 270 22
397 1623 22
1623 397 22
397 1623 22
1402 94 22
1542 1846 22
1542 1847 22
1757 1623 22
491 144 22
94 1848 22
43 1849 22
43 1850 22
142 1726 22
154 1623 22
1623 154 22
1729 397 22
1729 397 22
1729 397 22
397 1729 22
397 1729 22
397 1729 22
1539 1166 22
1847 1542 22
1851 43 22
474 340 22
322 297 22
1166 1846 22
1166 1847 22
1166 96 22
1166 1852 22
1542 1847 22
1542 1539 22
26 651 22
174 809 22
1755 502 22
508 1838 22
508 1025 22
1757 1844 22
1542 709 22
519 1623 22
809 174 22
1851 1343 22
1600 1245 22
43 1851 22
1025 508 22
491 709 22
1853 223 22
1623 519 22
1623 1361 22
1219 26 22
1623 1600 22
1390 1740 22
1600 783 22
754 1623 22
1623 754 22
754 1623 22
0 2 22
0 2 22
709 491 22
709 1280 22
26 1219 22
1290 1835 22
556 1623 22
1749 560 22
1166 1279 22
223 1853 22
223 1643 22
1723 1236 22
1623 754 22
1623 556 22
1343 1851 22
210 0 22
1361 1623 22
1361 1623 22
560 1749 22
1749 560 22
1643 223 22
1646 620 22
280 1623 22
1280 709 22
1542 1854 22
223 1643 22
366 104 22
366 316 22
1342 1795 22
96 1166 22
491 1180 22
0 210 22
651 26 22
1623 1361 22
1623 1361 22
1623 280 22
560 1749 22
491 1564 22
491 1643 22
1245 1600 22
491 1020 22
491 60 22
1643 491 22
1643 223 22
491 1643 22
1643 491 22
1851 1343 22
696 1471 22
1471 696 22
1600 710 22
709 1280 22
223 1643 22
1656 35 22
1656 35 22
1656 1623 22
1623 1656 22
1623 1656 22
1656 365 22
1656 1674 22
1656 1730 22
1219 26 22
1847 1542 22
1343 1851 22
104 366 22
1542 1847 22
508 1025 22
1361 1623 22
0 1625 22
1643 223 22
223 1643 22
1625 0 22
1643 223 22
1236 1723 22
31 1855 22
31 1856 22
1623 1361 22
1851 1780 22
1723 1236 22
1851 1723 22
1600 1117 22
1600 1857 22
1600 1767 22
41 1723 22
1180 491 22
223 1643 22
1723 41 22
1723 1851 22
1600 142 22
1780 1851 22
1780 1656 22
791 1189 22
442 519 22
491 746 22
522 811 22
522 333 22
651 1129 22
94 1858 22
1858 94 22
94 1858 22
1858 94 22
94 1858 22
1858 94 22
94 1858 22
1600 1858 22
1858 94 22
1858 1600 22
1623 94 22
94 1858 22
94 1623 22
1623 94 22
1858 94 22
0 1625 22
94 1858 22
1858 94 22
94 1858 22
1858 94 22
94 1858 22
1858 94 22
142 1600 22
842 1166 22
1859 493 22
1542 1860 22
696 1471 22
