1051 1858 23
11 1830 23
11 1643 23
198 958 23
1851 1780 23
1051 1623 23
1780 1851 23
1858 1051 23
1623 1051 23
1623 1861 23
1851 696 23
144 491 23
1643 223 23
1851 1780 23
491 144 23
1623 397 23
397 1623 23
1623 397 23
397 1623 23
397 1623 23
8 1180 23
1033 696 23
8 1307 23
94 696 23
8 1643 23
8 1254 23
94 1402 23
696 94 23
696 94 23
94 560 23
94 696 23
94 696 23
696 94 23
94 696 23
1600 1858 23
94 696 23
1623 397 23
1623 233 23
397 1623 23
333 522 23
1780 1656 23
1051 1858 23
718 1640 23
1623 1780 23
1795 1342 23
1180 8 23
341 1847 23
1600 972 23
1471 696 23
1835 1539 23
397 827 23
1835 1862 23
8 1180 23
0 311 23
1858 1600 23
1858 1051 23
1859 992 23
502 1755 23
1600 1858 23
1600 142 23
1600 1245 23
1600 1780 23
1847 341 23
1847 1542 23
341 1847 23
1858 1600 23
142 1600 23
1600 142 23
1780 1600 23
1307 8 23
1236 1166 23
8 1307 23
585 395 23
1643 8 23
1623 104 23
1623 1167 23
1623 397 23
1167 1623 23
1623 94 23
1623 1167 23
1623 1167 23
1167 1623 23
1623 1167 23
1167 1623 23
1623 1167 23
1167 1623 23
397 1623 23
1623 1167 23
1623 397 23
1167 1623 23
397 1623 23
1623 1167 23
1623 397 23
1623 1726 23
1167 1623 23
1623 1167 23
1167 1623 23
1623 1861 23
1623 1167 23
1726 1623 23
1167 1623 23
1623 1726 23
1623 1167 23
1167 1623 23
1623 1167 23
1726 1623 23
1623 1625 23
1623 1726 23
1726 142 23
1726 1623 23
1726 1623 23
1167 1623 23
1623 1863 23
1623 1726 23
1623 1726 23
1623 1167 23
1167 1623 23
1623 1863 23
1623 1167 23
1167 1623 23
1623 1284 23
1623 1167 23
1167 1623 23
1623 1167 23
1167 1623 23
1623 1167 23
1167 1623 23
1600 700 23
1623 1167 23
1623 1051 23
1051 1858 23
1051 1623 23
1623 1051 23
1167 1623 23
1623 1167 23
1051 1623 23
1167 1623 23
1623 1051 23
1623 1167 23
1051 1623 23
1167 1623 23
1625 1623 23
1623 1051 23
1623 1167 23
1623 1625 23
1167 1623 23
1623 1167 23
1167 1623 23
1623 1167 23
1167 1623 23
1623 1167 23
1167 1623 23
1623 1167 23
1167 1623 23
1623 1167 23
1167 1623 23
1623 1167 23
1167 1623 23
1542 1847 23
1542 1864 23
1623 1167 23
1167 1623 23
1674 1656 23
1623 1167 23
1167 1623 23
1623 1167 23
1167 1623 23
1623 1167 23
1167 1623 23
1623 1167 23
1167 1623 23
1623 1167 23
1167 1623 23
1623 1167 23
1167 1623 23
1623 1167 23
1167 1623 23
1623 1167 23
1755 502 23
1167 1623 23
1623 1167 23
1623 1865 23
1167 1623 23
1623 1167 23
1865 1623 23
1167 1623 23
1623 1865 23
1865 1623 23
1623 1167 23
1623 1865 23
1167 1623 23
1623 1167 23
1865 1623 23
1167 1623 23
1623 1865 23
1623 1167 23
1865 1623 23
1865 1623 23
1167 1623 23
1623 1865 23
1623 1865 23
1623 1167 23
1865 1623 23
1167 1623 23
1865 1623 23
1623 1865 23
1623 1167 23
1623 1865 23
1865 1623 23
1167 1623 23
1623 1865 23
1623 1167 23
1865 1623 23
519 442 23
1865 1623 23
1623 1865 23
1623 1865 23
1623 519 23
1865 1623 23
1623 1865 23
1865 1623 23
1865 1623 23
1623 1865 23
1623 1865 23
1865 1623 23
1865 1623 23
1623 1865 23
1865 1623 23
1623 1865 23
1623 1865 23
1865 1623 23
1865 1623 23
1623 1865 23
1623 1865 23
1865 1623 23
1623 1865 23
1865 1623 23
1623 1865 23
1865 1623 23
1865 1623 23
1167 1623 23
1623 1167 23
1167 1623 23
1623 1167 23
1167 1623 23
1167 1623 23
1623 1167 23
31 1674 23
142 1726 23
142 1600 23
1861 1623 23
1623 1861 23
1230 1782 23
508 1096 23
508 1838 23
1180 8 23
397 1623 23
1810 1623 23
1782 1230 23
842 1236 23
1858 1051 23
1279 1166 23
1623 397 23
1623 1810 23
968 1866 23
478 1539 23
478 1545 23
1545 478 23
94 1623 23
8 1180 23
1051 1858 23
1723 784 23
1723 1835 23
1623 94 23
1600 142 23
397 1623 23
718 1867 23
446 397 23
397 446 23
1868 1861 23
1861 1868 23
1858 1051 23
0 35 23
1623 1865 23
35 0 23
0 35 23
35 0 23
8 1643 23
1542 255 23
1782 644 23
1867 718 23
1674 31 23
1674 31 23
1867 718 23
1867 1337 23
1618 1342 23
1749 560 23
1542 1869 23
0 311 23
1835 1723 23
31 1674 23
535 926 23
311 0 23
710 1600 23
710 1867 23
556 1623 23
1723 1835 23
1307 8 23
1245 1600 23
94 1623 23
1117 1600 23
1623 94 23
397 1623 23
8 1307 23
8 707 23
8 898 23
1623 397 23
8 1379 23
1623 809 23
1623 1861 23
1623 1780 23
397 1623 23
1623 397 23
397 1623 23
1623 397 23
1780 1623 23
397 1623 23
1623 1780 23
1623 1600 23
397 1623 23
1780 1623 23
1623 397 23
1623 1780 23
1780 1623 23
1623 1780 23
1674 31 23
1623 1780 23
1623 1771 23
1343 1311 23
1623 809 23
809 1623 23
809 1623 23
1623 809 23
1623 809 23
809 1623 23
1623 644 23
809 1623 23
1623 809 23
809 1623 23
809 1623 23
1623 809 23
1623 809 23
1623 1867 23
809 1623 23
1867 1623 23
1386 1311 23
1867 710 23
809 1623 23
1623 809 23
1623 1867 23
809 1623 23
1623 809 23
1623 809 23
1867 1623 23
1623 1867 23
1623 1870 23
809 1623 23
1870 1623 23
1623 809 23
1867 1623 23
1623 1870 23
1623 1867 23
1870 1623 23
1623 1870 23
1870 1623 23
1623 1870 23
1870 1623 23
1623 1870 23
1867 1623 23
809 1623 23
1623 1867 23
1623 809 23
809 1623 23
1623 809 23
1867 1623 23
809 1623 23
1623 1867 23
1623 809 23
1867 1623 23
1623 1867 23
809 1623 23
1623 809 23
1867 1623 23
1623 1867 23
809 1623 23
1867 1623 23
1623 809 23
1623 1867 23
809 1623 23
1623 809 23
1623 1867 23
1867 1623 23
809 1623 23
1623 1867 23
1623 809 23
809 1623 23
560 1749 23
1867 1623 23
1623 809 23
397 1623 23
397 1623 23
1623 1867 23
1623 397 23
1623 1867 23
1623 809 23
397 1623 23
809 1623 23
1871 809 23
1871 809 23
1871 1867 23
1835 1723 23
1867 1871 23
8 1780 23
619 26 23
493 1859 23
442 519 23
1189 791 23
1189 8 23
898 8 23
1749 560 23
820 482 23
820 582 23
820 482 23
104 1623 23
104 1126 23
26 619 23
8 898 23
8 1189 23
1311 1386 23
1311 1343 23
560 1749 23
1051 710 23
1051 700 23
0 311 23
767 1279 23
144 491 23
619 26 23
1343 1311 23
1600 710 23
1600 710 23
0 311 23
1600 1117 23
1180 8 23
491 1180 23
491 1180 23
1600 1871 23
8 1180 23
1749 560 23
1867 1051 23
1623 809 23
1623 1867 23
1780 8 23
1780 1623 23
1623 1780 23
1623 1051 23
1623 1051 23
311 0 23
1723 1835 23
1623 1600 23
1623 1726 23
784 1723 23
1279 767 23
1623 233 23
1867 1623 23
1345 1867 23
491 462 23
1189 8 23
1189 393 23
1723 784 23
651 1643 23
651 68 23
8 1780 23
8 1189 23
1859 493 23
1859 1872 23
1643 651 23
1311 1343 23
26 619 23
767 1279 23
31 672 23
31 1166 23
1623 1867 23
1600 1623 23
430 560 23
619 26 23
1623 1600 23
1867 1345 23
1236 1235 23
1236 842 23
1851 1864 23
672 31 23
1873 450 23
31 672 23
0 311 23
1835 1723 23
192 392 23
1600 1874 23
696 1318 23
392 192 23
1490 846 23
651 1643 23
673 1864 23
1623 94 23
846 1490 23
1345 1867 23
1189 8 23
842 1236 23
842 1236 23
696 491 23
829 620 23
1780 8 23
233 1623 23
1643 651 23
1623 233 23
233 1623 23
233 1623 23
846 1871 23
651 277 23
8 1780 23
8 1189 23
1166 31 23
1166 808 23
1166 1539 23
1166 428 23
1180 8 23
1180 491 23
1712 560 23
1623 233 23
1623 233 23
1542 535 23
1749 560 23
1074 1623 23
784 1723 23
1723 1835 23
1723 784 23
1623 1074 23
696 1865 23
651 68 23
1331 1564 23
1331 1795 23
1780 8 23
620 829 23
1307 8 23
1564 1331 23
784 1723 23
1835 1723 23
1712 1564 23
807 696 23
1564 1712 23
1345 1712 23
8 1780 23
8 1307 23
1772 672 23
1865 1401 23
1865 1767 23
1712 1345 23
672 1772 23
