535 1542 24
1623 1677 24
1542 535 24
1863 1623 24
1771 1623 24
1863 1623 24
1863 1623 24
1345 1712 24
696 807 24
1712 616 24
1780 8 24
968 1668 24
1723 1835 24
1623 1771 24
1623 1863 24
1623 1863 24
1623 1863 24
1623 1167 24
1623 8 24
0 311 24
1668 968 24
1542 1723 24
1542 968 24
556 1623 24
1490 846 24
1623 556 24
535 1542 24
1864 673 24
1864 1851 24
8 1623 24
11 1311 24
1863 1623 24
233 641 24
1279 767 24
1623 8 24
1623 1863 24
1835 1723 24
1342 1618 24
1311 11 24
673 1864 24
1865 1846 24
1865 772 24
539 614 24
1167 1623 24
1405 193 24
1864 673 24
1542 885 24
1542 535 24
651 1564 24
556 1623 24
8 1623 24
8 1780 24
1643 8 24
673 1864 24
1337 1867 24
315 508 24
508 315 24
1189 8 24
1623 1167 24
1623 556 24
1623 8 24
1167 1623 24
1623 1167 24
26 619 24
1851 1864 24
767 1279 24
11 1311 24
1875 1864 24
1623 556 24
560 1749 24
556 1623 24
1623 556 24
1623 556 24
556 1623 24
1623 556 24
556 1623 24
560 430 24
560 1712 24
560 94 24
1284 1623 24
535 1542 24
422 1564 24
1564 651 24
641 233 24
710 1600 24
430 560 24
1542 535 24
846 1780 24
8 1623 24
94 1864 24
8 1189 24
538 709 24
1780 8 24
1780 846 24
1623 8 24
1723 1835 24
1361 1623 24
1623 1361 24
1564 651 24
846 1780 24
808 1166 24
651 1564 24
0 311 24
1600 1795 24
1869 1542 24
1782 1343 24
651 26 24
673 1876 24
1677 1564 24
600 1861 24
582 820 24
1174 1245 24
820 582 24
535 1542 24
1712 535 24
1166 808 24
311 0 24
619 26 24
1782 696 24
0 311 24
1861 600 24
1780 846 24
1712 560 24
1712 616 24
1712 232 24
232 1712 24
1712 232 24
560 1712 24
1712 560 24
1279 767 24
1863 696 24
1542 1869 24
92 1623 24
1623 92 24
171 522 24
1712 1116 24
1600 1874 24
26 651 24
696 1863 24
26 619 24
1116 1712 24
1875 867 24
1875 26 24
1875 1116 24
1361 1623 24
311 0 24
619 26 24
1863 696 24
1877 1863 24
1877 1864 24
1623 1361 24
1835 1723 24
1699 428 24
1699 1539 24
26 1875 24
26 619 24
1729 1877 24
535 1712 24
619 26 24
1877 1729 24
651 1564 24
26 619 24
1723 1835 24
0 311 24
1623 1865 24
1623 1726 24
1780 1623 24
1623 1780 24
1780 1623 24
1729 1877 24
1780 1623 24
1623 1780 24
1623 1780 24
1780 1623 24
1712 535 24
867 1875 24
341 1361 24
1835 1361 24
1835 1723 24
1863 1877 24
1749 560 24
8 1623 24
1875 867 24
1875 26 24
1623 8 24
26 1875 24
311 0 24
1600 710 24
1564 651 24
1337 1600 24
1723 1835 24
1343 1782 24
8 1623 24
1772 1281 24
1361 341 24
1361 1835 24
535 1712 24
696 644 24
867 1875 24
1623 8 24
1835 1361 24
1835 1723 24
1835 535 24
1723 1835 24
535 1835 24
808 1166 24
1167 1623 24
1167 1623 24
1851 696 24
1835 1723 24
1835 535 24
1361 1835 24
1835 1361 24
341 1361 24
1157 1071 24
41 322 24
696 1851 24
767 1279 24
1712 535 24
1712 986 24
1542 1878 24
1723 1835 24
1875 867 24
1865 867 24
867 1875 24
867 1865 24
1865 867 24
867 1865 24
1865 867 24
867 1865 24
1865 867 24
1865 867 24
1875 1879 24
1875 867 24
192 392 24
1865 43 24
43 1865 24
1865 43 24
1865 43 24
43 1865 24
1865 43 24
43 1865 24
1865 43 24
1875 982 24
1875 1564 24
43 1865 24
1865 43 24
1600 1337 24
1623 1167 24
1623 1167 24
1835 1361 24
535 1712 24
535 1835 24
867 1875 24
392 192 24
446 1865 24
1865 446 24
1835 535 24
446 1865 24
1865 446 24
1851 696 24
446 1865 24
1865 446 24
446 1865 24
1865 446 24
446 1865 24
1865 446 24
446 1865 24
1865 446 24
446 1865 24
1865 446 24
446 1865 24
1865 446 24
446 1865 24
1865 446 24
446 1865 24
1865 446 24
446 1865 24
1865 446 24
446 1865 24
1865 446 24
446 1865 24
1865 446 24
446 1865 24
1865 446 24
446 1865 24
1865 446 24
446 1865 24
1865 446 24
446 1865 24
1865 446 24
446 1865 24
1865 446 24
446 1865 24
1865 446 24
0 311 24
535 1835 24
468 1180 24
651 1564 24
1180 468 24
341 560 24
1564 651 24
1835 535 24
1545 1874 24
1875 867 24
311 0 24
867 1875 24
1281 1772 24
1865 1643 24
1877 1361 24
1361 1835 24
1772 1281 24
1361 1877 24
1877 1361 24
223 1643 24
1880 1749 24
1675 1880 24
1880 1675 24
535 1835 24
1712 535 24
1880 1051 24
982 1078 24
1078 982 24
1880 1641 24
1078 982 24
982 1078 24
1641 1880 24
982 1078 24
1078 982 24
1078 1880 24
1078 982 24
982 1078 24
1880 1078 24
1078 1880 24
1078 982 24
1880 1078 24
1749 1880 24
1880 1749 24
1078 1880 24
982 1078 24
1749 1880 24
1078 982 24
1880 1078 24
1880 1749 24
1078 1880 24
982 1078 24
1880 1078 24
1078 982 24
1078 1880 24
982 1078 24
1880 1078 24
1749 1880 24
1078 982 24
1078 1880 24
982 1078 24
1078 982 24
982 1078 24
1749 1880 24
1078 982 24
1880 1749 24
982 1078 24
1078 982 24
982 1078 24
1078 982 24
1740 462 24
982 1078 24
1078 982 24
982 1078 24
1078 982 24
1740 1791 24
1740 474 24
1740 772 24
1740 1846 24
1279 767 24
535 1712 24
301 556 24
0 311 24
