1675 1880 25
1643 1865 25
1051 1880 25
560 341 25
560 1749 25
1749 560 25
1835 1361 25
1361 1835 25
556 301 25
556 560 25
0 131 25
1865 1643 25
1281 1772 25
1880 1051 25
1051 1880 25
1835 1361 25
1473 1792 25
1473 1374 25
651 1564 25
651 1564 25
1880 1051 25
341 560 25
1051 1880 25
992 1859 25
18 1881 25
18 1881 25
18 1881 25
1643 223 25
1374 1755 25
1374 1473 25
1712 696 25
696 1712 25
560 1749 25
560 556 25
560 341 25
560 104 25
1318 696 25
1167 1882 25
614 539 25
556 560 25
104 560 25
1487 1723 25
1487 1883 25
1487 1884 25
1487 1885 25
1487 1886 25
1487 1876 25
1487 1874 25
1487 1887 25
1487 1864 25
1487 1869 25
1487 1888 25
491 685 25
491 535 25
696 1318 25
0 311 25
311 0 25
535 491 25
0 311 25
560 556 25
430 560 25
474 1740 25
1331 1394 25
1331 1394 25
1331 1177 25
491 535 25
767 1279 25
535 491 25
1623 1877 25
1723 1487 25
1290 1835 25
1486 1889 25
341 560 25
1051 1001 25
1235 1236 25
1279 767 25
560 341 25
1877 1623 25
428 1699 25
491 428 25
1835 1290 25
417 1564 25
417 927 25
0 311 25
31 1877 25
31 1033 25
8 1623 25
8 1643 25
1623 1877 25
1623 8 25
1051 1864 25
1877 31 25
1877 1623 25
1542 1394 25
145 0 25
1180 130 25
0 145 25
31 1877 25
1623 1877 25
1394 1542 25
1394 1331 25
311 0 25
1078 26 25
1078 1864 25
1078 673 25
1877 31 25
1877 1623 25
673 1078 25
1078 673 25
673 1078 25
1078 867 25
1078 673 25
1680 1770 25
1680 1770 25
1680 1770 25
1078 1643 25
232 809 25
341 560 25
455 1131 25
1791 1284 25
26 1078 25
1623 1877 25
31 1877 25
1887 1487 25
809 232 25
1643 1078 25
1770 1680 25
1877 1623 25
1877 31 25
1236 1235 25
1236 842 25
92 524 25
0 311 25
428 491 25
188 711 25
232 809 25
827 397 25
1623 1877 25
1600 1890 25
311 0 25
1877 1623 25
809 232 25
1539 478 25
1539 1166 25
0 311 25
1891 1279 25
311 0 25
0 311 25
1556 672 25
1623 1556 25
1556 1623 25
1556 1623 25
672 1556 25
1623 1556 25
1166 1539 25
767 1279 25
842 1236 25
1892 1839 25
1892 867 25
422 131 25
130 1180 25
685 491 25
867 1078 25
867 1892 25
1542 1394 25
192 772 25
311 0 25
1782 1791 25
397 827 25
827 397 25
145 0 25
468 1180 25
1078 867 25
468 1628 25
468 1628 25
468 1628 25
491 685 25
491 1628 25
1078 1343 25
1078 1343 25
1078 1312 25
1078 1643 25
1643 1078 25
1078 1643 25
1643 1078 25
1078 1643 25
1078 1643 25
1772 1281 25
1747 96 25
1177 1331 25
1235 1236 25
0 311 25
0 145 25
685 491 25
1628 468 25
