1542 512 26
1343 1078 26
695 712 26
560 341 26
560 104 26
1542 1486 26
1542 68 26
867 1078 26
616 1712 26
1877 616 26
341 560 26
104 560 26
885 1542 26
1712 616 26
556 560 26
1864 94 26
430 560 26
1547 1867 26
1487 1887 26
1486 1542 26
1180 468 26
1180 130 26
1874 1545 26
535 926 26
1807 1875 26
1279 1891 26
1279 767 26
685 491 26
1001 1051 26
1887 1487 26
1712 143 26
2 175 26
2 241 26
2 248 26
2 337 26
2 82 26
2 332 26
2 8 26
2 248 26
2 284 26
2 280 26
2 25 26
2 280 26
2 740 26
2 371 26
2 544 26
2 799 26
2 614 26
2 799 26
2 799 26
2 371 26
2 1195 26
2 739 26
2 581 26
2 248 26
2 1179 26
2 1188 26
2 345 26
2 1 26
2 1 26
2 1041 26
2 1186 26
2 248 26
2 639 26
2 751 26
2 823 26
2 40 26
2 1261 26
2 1418 26
2 40 26
2 1462 26
2 481 26
2 767 26
2 609 26
2 892 26
2 282 26
2 700 26
1487 1887 26
1012 1888 26
1012 1893 26
581 1881 26
1887 1487 26
430 560 26
1063 167 26
1063 446 26
1063 1374 26
560 341 26
560 104 26
560 556 26
560 430 26
1312 1078 26
446 1063 26
1012 1345 26
1891 1279 26
71 1764 26
104 560 26
1012 772 26
430 560 26
143 1712 26
767 1279 26
1643 8 26
1167 696 26
1078 1643 26
1672 843 26
1279 767 26
1078 1623 26
1643 1078 26
1078 1643 26
1643 1078 26
767 685 26
1894 1020 26
1519 1878 26
1878 1519 26
1878 1542 26
1623 1078 26
341 560 26
0 311 26
1078 1623 26
1078 1643 26
1623 1078 26
685 767 26
1078 1623 26
1643 1078 26
1078 1643 26
1764 71 26
1877 1345 26
1877 1020 26
491 966 26
1699 428 26
842 968 26
842 1236 26
66 696 26
1643 1078 26
1078 1643 26
1643 1078 26
1078 1643 26
1078 1643 26
767 685 26
1623 1078 26
556 560 26
1078 1623 26
1715 1307 26
560 556 26
560 430 26
560 94 26
1078 867 26
1556 1807 26
1556 867 26
1542 1486 26
1542 1878 26
430 560 26
341 968 26
1415 968 26
8 1643 26
539 614 26
1813 174 26
