1643 1078 27
1875 1807 27
0 311 27
560 430 27
430 560 27
1895 220 27
867 1556 27
867 1078 27
1807 1875 27
1012 1893 27
186 130 27
1012 1290 27
1290 1012 27
1896 186 27
186 1896 27
1556 1290 27
1556 867 27
867 1556 27
1556 867 27
867 1556 27
1556 867 27
867 1556 27
867 1556 27
1556 1754 27
311 0 27
0 311 27
842 1236 27
0 31 27
2 1625 27
1875 1807 27
1519 1878 27
94 560 27
94 1795 27
1078 1615 27
1078 1643 27
31 0 27
311 0 27
0 311 27
817 619 27
767 1279 27
92 1615 27
1712 60 27
210 414 27
210 1545 27
1545 210 27
210 1545 27
1545 210 27
210 1545 27
311 0 27
0 311 27
1117 1542 27
1561 1878 27
1279 767 27
1782 1279 27
311 0 27
1782 616 27
414 210 27
41 0 27
0 311 27
0 41 27
1807 1875 27
710 641 27
560 94 27
560 430 27
560 556 27
560 104 27
104 560 27
641 710 27
171 1723 27
1279 1782 27
1311 1343 27
1343 1311 27
1311 1343 27
1343 1311 27
710 641 27
1723 171 27
1723 171 27
1542 560 27
926 535 27
1875 1807 27
1542 1117 27
560 1542 27
430 560 27
1867 1547 27
710 1897 27
1897 710 27
619 817 27
1542 560 27
392 192 27
817 619 27
1898 986 27
968 341 27
968 1415 27
1898 1371 27
1898 712 27
1898 1791 27
1898 305 27
1898 1214 27
1898 446 27
1898 203 27
1898 1780 27
1898 783 27
1898 143 27
1898 1496 27
1898 313 27
1898 60 27
1898 7 27
1415 968 27
1898 1216 27
1898 560 27
1898 656 27
1898 1435 27
1898 1283 27
1898 390 27
1898 1416 27
1898 310 27
1898 1846 27
1898 1096 27
1898 276 27
1877 1623 27
1877 1623 27
