213 767 3
40 686 3
522 324 3
40 793 3
40 753 3
625 761 3
625 589 3
625 308 3
625 589 3
473 399 3
473 740 3
535 781 3
219 478 3
497 547 3
513 385 3
566 752 3
50 522 3
712 326 3
712 324 3
712 713 3
276 793 3
276 602 3
712 40 3
712 715 3
712 104 3
712 737 3
712 102 3
276 602 3
31 779 3
276 262 3
588 512 3
296 682 3
243 414 3
2 67 3
785 782 3
582 794 3
203 180 3
203 793 3
497 296 3
296 497 3
277 26 3
625 589 3
738 539 3
533 624 3
738 316 3
423 342 3
795 746 3
495 522 3
495 315 3
764 308 3
338 285 3
26 277 3
751 277 3
512 588 3
696 639 3
421 296 3
678 71 3
727 606 3
678 316 3
341 597 3
296 421 3
282 686 3
296 262 3
341 597 3
678 403 3
341 597 3
696 223 3
341 597 3
176 513 3
513 176 3
29 403 3
8 141 3
8 176 3
8 281 3
341 597 3
341 796 3
585 308 3
585 308 3
737 625 3
614 364 3
253 29 3
455 696 3
628 127 3
625 737 3
597 341 3
598 533 3
51 680 3
308 51 3
51 308 3
308 51 3
308 797 3
281 33 3
589 439 3
589 512 3
400 638 3
203 302 3
400 775 3
387 760 3
52 249 3
400 772 3
589 625 3
550 399 3
102 682 3
102 730 3
797 512 3
546 710 3
686 40 3
102 461 3
619 26 3
436 624 3
371 568 3
371 127 3
203 302 3
371 760 3
371 535 3
371 798 3
371 797 3
371 277 3
397 781 3
211 320 3
371 436 3
371 764 3
276 602 3
797 308 3
753 40 3
219 623 3
710 546 3
219 643 3
219 677 3
546 710 3
298 461 3
219 371 3
710 546 3
546 710 3
298 320 3
276 497 3
26 619 3
710 546 3
276 602 3
712 371 3
153 718 3
153 643 3
688 625 3
712 737 3
546 153 3
625 688 3
276 602 3
625 589 3
712 566 3
712 726 3
754 385 3
712 160 3
712 643 3
757 752 3
712 102 3
686 127 3
712 623 3
712 89 3
712 251 3
686 615 3
712 713 3
712 47 3
712 320 3
320 211 3
765 641 3
765 371 3
765 371 3
585 783 3
320 298 3
712 541 3
680 51 3
604 733 3
688 625 3
765 371 3
320 765 3
712 478 3
320 757 3
765 320 3
781 397 3
585 597 3
711 188 3
712 241 3
320 765 3
625 688 3
757 320 3
320 783 3
712 461 3
336 648 3
320 757 3
508 363 3
336 768 3
100 513 3
712 101 3
712 715 3
585 533 3
320 764 3
769 533 3
585 243 3
296 320 3
320 797 3
712 282 3
320 296 3
615 320 3
320 615 3
320 615 3
769 453 3
296 320 3
453 180 3
320 296 3
554 753 3
765 320 3
757 320 3
371 765 3
371 765 3
371 765 3
320 765 3
765 371 3
320 757 3
765 320 3
371 765 3
320 765 3
66 7 3
296 320 3
127 628 3
188 711 3
798 371 3
769 453 3
102 720 3
102 798 3
798 102 3
455 453 3
102 798 3
40 686 3
211 677 3
765 371 3
765 320 3
765 371 3
798 102 3
211 764 3
371 798 3
371 765 3
371 765 3
798 371 3
453 455 3
371 798 3
102 798 3
798 371 3
769 453 3
798 102 3
508 363 3
508 315 3
508 453 3
724 718 3
604 616 3
604 336 3
769 453 3
219 643 3
604 331 3
211 47 3
102 798 3
127 686 3
769 453 3
798 102 3
251 615 3
395 399 3
535 371 3
320 296 3
320 765 3
799 765 3
94 637 3
800 767 3
459 541 3
127 371 3
320 459 3
643 219 3
33 760 3
618 388 3
703 616 3
618 501 3
403 29 3
618 783 3
686 127 3
8 281 3
8 281 3
686 756 3
678 403 3
704 787 3
704 787 3
33 801 3
399 720 3
678 403 3
399 682 3
761 561 3
704 802 3
801 33 3
704 802 3
461 102 3
751 501 3
461 298 3
349 616 3
585 803 3
399 473 3
371 127 3
349 801 3
430 298 3
801 349 3
349 801 3
349 801 3
801 761 3
399 395 3
550 399 3
638 686 3
33 801 3
759 211 3
639 696 3
210 596 3
753 569 3
696 639 3
696 639 3
295 62 3
298 461 3
324 522 3
624 436 3
102 461 3
624 533 3
800 320 3
696 639 3
682 193 3
298 320 3
682 296 3
66 682 3
320 298 3
707 223 3
47 682 3
298 320 3
568 371 3
482 324 3
482 582 3
482 582 3
482 193 3
473 399 3
482 781 3
473 645 3
324 482 3
66 797 3
645 473 3
682 47 3
473 223 3
47 682 3
219 643 3
473 645 3
66 682 3
682 47 3
682 66 3
428 371 3
688 625 3
8 568 3
47 682 3
8 682 3
8 26 3
8 787 3
8 752 3
682 47 3
47 682 3
8 782 3
8 783 3
625 688 3
8 797 3
8 801 3
247 602 3
8 568 3
8 682 3
682 47 3
8 682 3
8 568 3
316 342 3
8 682 3
8 568 3
47 682 3
8 568 3
8 782 3
8 682 3
8 568 3
8 568 3
682 47 3
340 637 3
8 568 3
482 324 3
620 773 3
127 371 3
73 787 3
438 211 3
438 794 3
0 145 3
551 768 3
461 102 3
26 8 3
349 616 3
223 707 3
102 616 3
616 235 3
616 102 3
707 223 3
703 616 3
0 158 3
707 31 3
703 503 3
56 595 3
707 73 3
513 100 3
51 308 3
56 707 3
606 727 3
737 653 3
707 56 3
503 770 3
51 680 3
223 707 3
56 707 3
56 801 3
794 438 3
604 340 3
253 407 3
686 282 3
804 40 3
585 503 3
56 797 3
436 624 3
703 616 3
56 797 3
682 616 3
682 378 3
703 503 3
707 56 3
680 616 3
56 707 3
680 51 3
804 40 3
680 616 3
35 643 3
804 240 3
804 324 3
468 805 3
804 806 3
805 468 3
804 779 3
243 807 3
808 324 3
513 798 3
616 72 3
513 616 3
604 616 3
804 143 3
616 513 3
604 616 3
808 280 3
72 616 3
616 399 3
182 643 3
616 72 3
625 794 3
604 616 3
604 271 3
72 616 3
770 503 3
188 707 3
794 625 3
704 298 3
625 794 3
680 616 3
404 792 3
680 616 3
585 243 3
794 625 3
624 436 3
585 182 3
798 513 3
585 503 3
399 473 3
399 616 3
809 348 3
341 597 3
51 680 3
561 794 3
598 40 3
273 211 3
341 543 3
341 543 3
424 406 3
341 697 3
341 697 3
273 644 3
399 682 3
638 400 3
273 638 3
273 638 3
249 296 3
585 243 3
585 243 3
326 588 3
680 51 3
326 315 3
282 686 3
40 182 3
804 40 3
326 797 3
326 783 3
804 273 3
40 765 3
766 740 3
804 40 3
769 364 3
604 733 3
326 773 3
616 680 3
447 243 3
598 249 3
616 399 3
598 40 3
492 338 3
769 100 3
130 752 3
752 130 3
130 752 3
249 501 3
769 616 3
548 793 3
770 363 3
678 713 3
639 782 3
598 40 3
598 249 3
769 315 3
752 130 3
276 447 3
130 752 3
711 639 3
752 130 3
130 124 3
639 711 3
769 364 3
711 639 3
678 713 3
598 249 3
639 711 3
356 782 3
130 752 3
52 784 3
711 639 3
752 130 3
356 401 3
782 639 3
639 711 3
8 752 3
639 782 3
8 801 3
8 707 3
8 752 3
711 639 3
180 453 3
123 597 3
782 541 3
130 752 3
8 752 3
66 7 3
639 711 3
338 492 3
8 568 3
782 639 3
752 130 3
639 782 3
541 324 3
711 639 3
123 711 3
356 298 3
639 711 3
130 752 3
752 130 3
386 480 3
386 251 3
130 752 3
386 385 3
653 737 3
782 639 3
62 295 3
62 546 3
513 616 3
513 798 3
243 447 3
810 375 3
375 810 3
277 26 3
634 811 3
703 812 3
363 770 3
810 375 3
810 57 3
804 40 3
703 797 3
804 616 3
312 62 3
800 312 3
799 765 3
602 813 3
680 616 3
804 249 3
680 653 3
33 312 3
798 513 3
800 312 3
447 243 3
203 180 3
546 62 3
447 364 3
341 363 3
447 783 3
312 33 3
341 363 3
453 180 3
11 100 3
513 798 3
704 711 3
704 711 3
102 798 3
800 312 3
363 814 3
11 783 3
341 363 3
73 707 3
814 363 3
2 131 3
341 814 3
102 616 3
363 341 3
512 625 3
11 7 3
73 462 3
341 363 3
453 466 3
102 453 3
33 312 3
33 814 3
175 602 3
307 154 3
356 815 3
813 602 3
770 363 3
73 591 3
301 556 3
102 816 3
356 817 3
653 761 3
356 797 3
102 814 3
40 810 3
363 770 3
40 740 3
2 813 3
685 541 3
793 548 3
73 752 3
769 453 3
685 130 3
598 249 3
598 40 3
556 301 3
73 616 3
769 625 3
602 813 3
301 556 3
188 711 3
625 512 3
11 307 3
602 156 3
602 156 3
73 606 3
11 287 3
732 296 3
732 167 3
732 301 3
813 2 3
813 602 3
602 813 3
556 301 3
459 320 3
276 447 3
497 814 3
769 459 3
634 73 3
585 243 3
301 556 3
556 301 3
585 814 3
585 815 3
798 513 3
73 459 3
798 102 3
73 634 3
765 40 3
40 765 3
634 73 3
371 568 3
765 481 3
765 40 3
371 127 3
40 765 3
765 768 3
765 40 3
634 73 3
371 428 3
363 428 3
276 447 3
765 282 3
342 73 3
371 765 3
40 765 3
371 559 3
804 40 3
765 371 3
765 40 3
428 371 3
792 784 3
804 40 3
40 765 3
371 765 3
40 804 3
765 40 3
639 174 3
620 371 3
40 765 3
804 40 3
620 818 3
765 371 3
296 682 3
639 322 3
765 40 3
296 320 3
40 804 3
40 765 3
296 249 3
616 73 3
765 40 3
481 765 3
620 541 3
40 765 3
271 631 3
804 40 3
40 804 3
559 371 3
765 481 3
765 40 3
481 765 3
765 481 3
616 102 3
682 399 3
481 765 3
616 733 3
765 481 3
481 765 3
724 546 3
388 597 3
211 47 3
378 682 3
616 680 3
40 765 3
769 616 3
271 447 3
371 620 3
616 733 3
388 447 3
371 447 3
26 277 3
653 631 3
399 616 3
473 399 3
388 639 3
616 733 3
724 546 3
598 249 3
598 40 3
399 682 3
616 399 3
776 797 3
776 794 3
378 50 3
28 388 3
364 447 3
28 696 3
707 56 3
11 401 3
616 639 3
724 546 3
707 73 3
282 765 3
298 704 3
11 388 3
616 733 3
472 707 3
171 819 3
616 271 3
539 438 3
472 770 3
707 472 3
820 804 3
616 733 3
350 814 3
616 123 3
678 307 3
616 733 3
67 597 3
307 793 3
447 271 3
447 371 3
678 307 3
447 364 3
616 307 3
616 733 3
616 200 3
678 307 3
295 62 3
616 307 3
678 307 3
11 616 3
680 616 3
248 616 3
794 776 3
127 371 3
799 765 3
248 653 3
503 770 3
248 453 3
616 680 3
248 653 3
616 643 3
248 616 3
616 271 3
248 653 3
604 733 3
616 733 3
604 73 3
243 447 3
616 733 3
616 271 3
604 733 3
616 733 3
322 639 3
616 271 3
388 28 3
616 733 3
760 371 3
604 271 3
616 271 3
248 453 3
616 271 3
11 616 3
616 271 3
732 638 3
271 616 3
271 616 3
616 271 3
604 271 3
11 616 3
271 616 3
616 271 3
616 271 3
11 616 3
271 616 3
625 648 3
818 821 3
11 616 3
271 447 3
648 625 3
625 648 3
625 648 3
680 616 3
625 648 3
11 616 3
604 31 3
11 616 3
11 822 3
473 73 3
769 616 3
704 298 3
11 616 3
604 223 3
696 340 3
696 28 3
678 503 3
769 616 3
822 823 3
11 822 3
822 324 3
604 223 3
11 822 3
818 824 3
11 824 3
769 453 3
680 625 3
604 223 3
703 616 3
11 822 3
680 625 3
11 822 3
769 616 3
604 193 3
11 822 3
769 616 3
248 453 3
680 625 3
776 794 3
11 822 3
820 804 3
740 40 3
153 546 3
341 637 3
580 581 3
580 327 3
295 822 3
473 650 3
699 480 3
604 73 3
604 73 3
8 696 3
699 67 3
822 295 3
770 363 3
822 28 3
699 625 3
680 625 3
699 653 3
8 696 3
8 597 3
180 453 3
295 822 3
28 822 3
8 606 3
770 472 3
678 307 3
822 295 3
732 653 3
822 28 3
295 822 3
678 66 3
28 822 3
825 813 3
28 822 3
732 625 3
732 653 3
643 616 3
770 503 3
822 295 3
732 653 3
295 822 3
764 320 3
764 211 3
764 371 3
822 28 3
764 531 3
28 822 3
732 653 3
102 798 3
822 295 3
822 28 3
604 262 3
295 822 3
826 60 3
732 707 3
28 822 3
604 262 3
732 760 3
616 643 3
604 262 3
219 653 3
616 680 3
732 625 3
604 262 3
822 295 3
822 28 3
295 822 3
804 820 3
732 707 3
637 341 3
704 824 3
637 340 3
637 94 3
637 94 3
637 743 3
732 625 3
28 822 3
8 597 3
447 271 3
8 696 3
324 822 3
687 102 3
8 568 3
711 704 3
162 657 3
637 645 3
8 568 3
447 243 3
598 249 3
711 123 3
585 503 3
556 582 3
8 597 3
643 616 3
732 474 3
8 568 3
8 568 3
8 568 3
568 371 3
282 765 3
102 687 3
604 73 3
8 597 3
8 568 3
8 568 3
8 568 3
8 568 3
776 783 3
8 682 3
385 342 3
732 625 3
732 474 3
8 568 3
385 789 3
732 707 3
8 211 3
31 824 3
598 249 3
604 31 3
637 793 3
8 568 3
585 243 3
342 385 3
8 568 3
8 568 3
727 606 3
62 312 3
548 793 3
8 600 3
62 546 3
154 307 3
8 696 3
356 707 3
8 568 3
604 31 3
8 568 3
363 770 3
248 658 3
248 162 3
827 95 3
707 356 3
604 31 3
604 31 3
8 568 3
8 568 3
8 568 3
8 568 3
616 102 3
541 459 3
828 818 3
541 782 3
8 568 3
595 56 3
8 568 3
703 604 3
756 686 3
8 568 3
8 568 3
757 740 3
249 637 3
541 620 3
727 757 3
756 211 3
8 568 3
637 249 3
8 597 3
541 815 3
829 363 3
8 568 3
740 757 3
8 568 3
371 127 3
363 829 3
371 760 3
825 31 3
616 680 3
371 764 3
678 556 3
371 568 3
696 637 3
637 696 3
568 371 3
127 371 3
31 604 3
188 707 3
341 637 3
371 568 3
604 31 3
637 322 3
31 680 3
371 127 3
568 371 3
637 696 3
188 711 3
604 31 3
757 740 3
604 72 3
637 696 3
637 86 3
786 72 3
786 72 3
786 72 3
127 371 3
637 696 3
68 497 3
637 86 3
637 696 3
174 639 3
494 262 3
598 249 3
678 556 3
696 72 3
371 764 3
637 757 3
494 180 3
637 696 3
188 707 3
696 474 3
436 624 3
680 616 3
494 830 3
637 322 3
680 31 3
616 89 3
623 436 3
678 653 3
474 696 3
637 642 3
696 474 3
696 474 3
538 764 3
474 696 3
474 696 3
643 711 3
696 474 3
678 653 3
696 474 3
718 711 3
249 71 3
637 636 3
643 38 3
249 259 3
637 696 3
249 535 3
643 710 3
474 696 3
307 822 3
616 680 3
696 474 3
371 568 3
371 127 3
678 653 3
474 696 3
66 824 3
637 696 3
123 711 3
696 474 3
71 249 3
756 251 3
637 696 3
685 541 3
582 556 3
399 682 3
678 556 3
399 395 3
568 371 3
678 653 3
718 752 3
637 696 3
336 768 3
474 696 3
127 371 3
643 58 3
682 399 3
66 805 3
198 71 3
232 480 3
623 342 3
643 29 3
399 682 3
703 616 3
696 474 3
95 827 3
682 399 3
643 377 3
678 653 3
399 638 3
474 696 3
123 473 3
249 616 3
678 556 3
637 718 3
604 336 3
188 707 3
399 682 3
67 831 3
556 582 3
616 249 3
678 832 3
718 637 3
678 6 3
637 718 3
707 556 3
680 616 3
399 285 3
643 388 3
782 541 3
399 395 3
18 524 3
67 797 3
643 658 3
399 625 3
678 556 3
414 243 3
798 102 3
589 625 3
67 474 3
711 123 3
474 67 3
752 73 3
399 249 3
67 474 3
752 718 3
474 67 3
711 718 3
800 102 3
258 255 3
232 192 3
637 718 3
711 643 3
833 174 3
556 707 3
249 474 3
740 757 3
56 707 3
643 711 3
474 249 3
399 707 3
643 707 3
249 474 3
399 637 3
474 249 3
793 548 3
643 597 3
249 474 3
399 711 3
474 249 3
399 322 3
67 474 3
474 67 3
86 474 3
192 232 3
597 643 3
249 474 3
711 399 3
597 67 3
643 597 3
678 556 3
11 287 3
40 740 3
707 556 3
399 465 3
198 637 3
399 711 3
595 399 3
711 643 3
474 249 3
595 56 3
8 680 3
417 474 3
399 595 3
8 7 3
8 568 3
8 682 3
711 399 3
597 123 3
8 597 3
474 417 3
740 40 3
8 597 3
198 822 3
67 597 3
637 399 3
685 399 3
497 494 3
637 101 3
399 711 3
461 616 3
718 685 3
595 399 3
740 211 3
439 794 3
637 752 3
595 387 3
345 344 3
40 740 3
637 752 3
541 752 3
541 752 3
119 221 3
642 637 3
11 401 3
556 707 3
752 541 3
594 192 3
594 320 3
594 320 3
711 399 3
219 653 3
604 556 3
711 643 3
11 587 3
11 139 3
513 831 3
604 28 3
639 388 3
11 139 3
219 653 3
740 606 3
251 756 3
8 680 3
8 7 3
11 752 3
219 371 3
51 680 3
616 249 3
616 461 3
453 248 3
453 180 3
678 556 3
677 211 3
494 497 3
604 794 3
680 51 3
589 834 3
461 616 3
497 494 3
834 589 3
589 834 3
395 399 3
11 95 3
685 718 3
11 568 3
604 556 3
639 616 3
616 461 3
604 28 3
11 829 3
11 139 3
604 262 3
616 639 3
11 568 3
834 589 3
720 399 3
639 616 3
193 835 3
487 119 3
616 639 3
639 616 3
604 28 3
11 100 3
604 556 3
304 211 3
306 316 3
11 568 3
756 251 3
585 831 3
680 794 3
192 594 3
703 616 3
678 556 3
8 680 3
8 7 3
461 674 3
159 637 3
604 556 3
11 829 3
800 312 3
31 680 3
604 31 3
703 834 3
11 568 3
604 595 3
11 688 3
497 830 3
362 815 3
680 31 3
11 756 3
604 556 3
800 312 3
11 526 3
320 459 3
320 764 3
320 594 3
604 461 3
141 761 3
320 594 3
281 461 3
678 556 3
462 686 3
193 678 3
604 556 3
794 680 3
462 73 3
604 461 3
288 459 3
312 33 3
11 568 3
637 159 3
604 461 3
623 7 3
678 556 3
604 556 3
548 793 3
320 773 3
604 461 3
11 568 3
281 461 3
800 312 3
800 312 3
836 345 3
637 645 3
7 623 3
604 461 3
837 643 3
119 487 3
637 642 3
459 541 3
11 568 3
800 312 3
582 556 3
637 639 3
800 312 3
604 461 3
800 312 3
602 813 3
800 312 3
288 834 3
675 718 3
822 307 3
102 461 3
760 371 3
98 193 3
822 198 3
834 288 3
312 800 3
765 282 3
288 834 3
461 102 3
11 688 3
765 282 3
8 680 3
11 680 3
604 28 3
312 800 3
765 40 3
813 602 3
102 461 3
8 141 3
800 312 3
834 288 3
8 568 3
8 568 3
800 312 3
461 102 3
312 800 3
288 834 3
682 399 3
604 28 3
354 315 3
834 288 3
312 800 3
102 461 3
604 639 3
604 703 3
604 703 3
296 233 3
678 503 3
604 703 3
604 703 3
102 838 3
296 572 3
288 834 3
62 800 3
296 572 3
572 296 3
8 568 3
604 703 3
233 296 3
102 839 3
8 568 3
282 765 3
604 461 3
602 813 3
8 568 3
296 572 3
800 312 3
8 568 3
296 233 3
503 585 3
604 441 3
572 296 3
604 703 3
616 639 3
282 765 3
604 703 3
312 800 3
800 312 3
8 568 3
800 62 3
678 503 3
296 572 3
800 312 3
554 640 3
8 568 3
616 687 3
678 840 3
789 385 3
604 703 3
616 703 3
712 841 3
604 703 3
720 781 3
604 703 3
572 296 3
604 703 3
94 62 3
834 288 3
604 703 3
8 568 3
8 568 3
102 840 3
296 572 3
813 602 3
616 461 3
399 395 3
8 568 3
102 842 3
842 575 3
703 616 3
461 616 3
399 595 3
94 752 3
312 800 3
616 703 3
399 711 3
604 703 3
312 800 3
842 797 3
572 296 3
602 813 3
441 143 3
533 624 3
8 7 3
399 682 3
604 703 3
8 568 3
616 461 3
296 572 3
8 568 3
399 720 3
288 834 3
616 703 3
461 616 3
703 616 3
604 703 3
604 703 3
834 288 3
8 568 3
616 461 3
399 503 3
8 568 3
371 822 3
255 47 3
399 782 3
604 703 3
616 703 3
822 371 3
193 822 3
703 604 3
371 834 3
703 616 3
193 585 3
616 703 3
700 102 3
371 843 3
700 192 3
604 703 3
844 807 3
703 616 3
700 371 3
572 296 3
703 604 3
193 682 3
193 295 3
604 703 3
503 399 3
193 98 3
807 243 3
604 371 3
371 764 3
842 782 3
193 481 3
371 822 3
703 604 3
822 371 3
288 834 3
678 503 3
822 371 3
296 572 3
193 421 3
834 371 3
441 752 3
604 703 3
703 604 3
782 399 3
371 604 3
193 554 3
371 822 3
844 807 3
844 807 3
844 807 3
193 582 3
604 703 3
371 834 3
193 455 3
481 193 3
604 371 3
572 296 3
703 604 3
782 842 3
371 834 3
193 481 3
703 604 3
371 604 3
98 193 3
8 568 3
8 568 3
8 255 3
503 718 3
604 703 3
8 255 3
604 371 3
813 602 3
8 342 3
703 604 3
481 193 3
604 703 3
8 843 3
604 703 3
8 568 3
703 604 3
703 604 3
604 703 3
703 604 3
604 703 3
703 604 3
589 794 3
481 822 3
834 288 3
604 703 3
834 371 3
703 604 3
288 834 3
604 703 3
680 589 3
604 316 3
703 604 3
604 703 3
703 604 3
800 312 3
604 703 3
604 680 3
834 288 3
589 680 3
834 387 3
288 834 3
700 102 3
371 834 3
288 834 3
700 102 3
834 288 3
102 834 3
288 834 3
700 47 3
94 174 3
834 288 3
288 834 3
40 765 3
542 639 3
680 604 3
8 342 3
834 102 3
834 288 3
288 834 3
845 587 3
834 288 3
127 541 3
846 96 3
188 773 3
712 497 3
757 740 3
288 834 3
757 718 3
624 436 3
624 533 3
682 399 3
322 399 3
288 834 3
74 119 3
35 72 3
834 288 3
387 834 3
682 193 3
533 624 3
616 703 3
288 834 3
288 834 3
753 437 3
840 847 3
834 387 3
624 533 3
834 288 3
296 572 3
682 412 3
387 834 3
288 834 3
834 288 3
288 834 3
834 288 3
72 604 3
587 845 3
72 696 3
686 756 3
288 834 3
834 288 3
703 616 3
310 320 3
288 834 3
686 814 3
686 822 3
834 288 3
686 782 3
288 834 3
686 585 3
686 831 3
541 127 3
438 539 3
438 794 3
438 794 3
822 686 3
782 686 3
822 481 3
650 764 3
650 764 3
808 280 3
539 438 3
127 541 3
539 438 3
808 339 3
96 725 3
808 822 3
96 725 3
512 262 3
421 296 3
421 296 3
688 625 3
307 822 3
307 310 3
780 641 3
780 641 3
307 848 3
780 641 3
71 700 3
467 829 3
262 512 3
235 616 3
243 585 3
243 414 3
535 249 3
243 807 3
40 816 3
213 838 3
213 814 3
835 193 3
797 512 3
625 399 3
28 849 3
625 589 3
513 834 3
481 822 3
637 645 3
637 268 3
637 94 3
625 688 3
8 281 3
62 800 3
62 94 3
830 497 3
678 840 3
336 604 3
678 307 3
850 161 3
850 678 3
631 653 3
631 271 3
850 678 3
850 851 3
850 678 3
850 678 3
119 74 3
508 363 3
541 728 3
637 67 3
620 371 3
620 541 3
637 752 3
508 305 3
850 678 3
198 822 3
799 765 3
512 262 3
512 797 3
830 539 3
822 307 3
822 481 3
180 494 3
546 62 3
546 153 3
430 51 3
315 326 3
315 354 3
616 703 3
616 235 3
354 315 3
585 503 3
585 686 3
585 243 3
800 62 3
707 556 3
131 448 3
193 374 3
193 354 3
193 202 3
193 754 3
430 342 3
203 829 3
710 643 3
203 180 3
203 197 3
243 585 3
430 342 3
829 467 3
507 371 3
829 338 3
829 764 3
430 342 3
203 829 3
703 604 3
203 180 3
203 829 3
316 604 3
203 829 3
829 501 3
616 680 3
307 272 3
616 703 3
494 497 3
494 180 3
703 616 3
616 703 3
430 726 3
707 718 3
336 770 3
348 510 3
718 707 3
707 718 3
616 703 3
834 513 3
430 616 3
852 837 3
43 399 3
718 707 3
616 680 3
430 616 3
203 829 3
510 348 3
62 546 3
342 687 3
62 800 3
712 841 3
712 94 3
712 47 3
634 441 3
336 776 3
791 678 3
616 461 3
712 602 3
707 718 3
712 643 3
438 539 3
712 585 3
712 362 3
546 62 3
793 448 3
793 448 3
616 595 3
430 616 3
371 830 3
35 827 3
616 513 3
616 160 3
765 282 3
765 282 3
765 40 3
604 680 3
616 307 3
546 62 3
604 72 3
604 336 3
604 703 3
769 616 3
616 853 3
29 643 3
604 316 3
770 336 3
66 842 3
33 312 3
271 631 3
33 842 3
33 842 3
33 350 3
8 141 3
18 113 3
703 616 3
808 324 3
52 846 3
703 604 3
842 33 3
686 782 3
33 842 3
52 854 3
714 127 3
855 625 3
71 856 3
625 855 3
703 851 3
703 847 3
33 537 3
585 243 3
447 374 3
703 838 3
830 371 3
472 770 3
857 700 3
842 33 3
71 703 3
703 71 3
703 71 3
71 336 3
513 834 3
33 842 3
513 616 3
842 33 3
616 703 3
604 703 3
616 25 3
799 765 3
823 822 3
473 123 3
823 815 3
468 462 3
616 513 3
740 473 3
473 740 3
616 703 3
301 822 3
616 160 3
784 792 3
160 616 3
25 822 3
825 31 3
616 160 3
822 25 3
160 616 3
616 123 3
825 371 3
255 513 3
616 160 3
829 388 3
616 727 3
764 371 3
764 371 3
616 160 3
764 371 3
764 650 3
764 650 3
658 643 3
764 829 3
799 765 3
829 764 3
46 566 3
447 822 3
46 813 3
764 829 3
829 764 3
813 46 3
348 510 3
262 512 3
846 100 3
764 829 3
46 813 3
829 764 3
813 46 3
639 542 3
513 255 3
846 193 3
153 546 3
833 707 3
46 813 3
390 72 3
52 784 3
686 784 3
686 842 3
546 153 3
686 251 3
295 780 3
295 374 3
390 554 3
390 608 3
390 421 3
560 513 3
295 354 3
390 288 3
390 371 3
390 102 3
390 308 3
390 324 3
390 288 3
219 653 3
219 645 3
703 616 3
295 834 3
295 834 3
703 604 3
388 643 3
388 639 3
388 829 3
637 641 3
608 390 3
391 474 3
371 830 3
371 830 3
680 604 3
834 295 3
371 764 3
371 764 3
637 636 3
834 589 3
371 390 3
784 686 3
554 390 3
833 591 3
281 8 3
764 829 3
784 785 3
764 371 3
858 703 3
371 764 3
40 765 3
858 643 3
73 859 3
371 764 3
73 839 3
764 371 3
764 371 3
73 388 3
858 678 3
33 312 3
33 312 3
430 322 3
860 71 3
858 31 3
834 860 3
73 448 3
858 33 3
858 356 3
829 764 3
860 248 3
860 751 3
829 388 3
860 751 3
858 356 3
324 390 3
645 219 3
858 356 3
858 356 3
589 834 3
589 834 3
580 248 3
765 40 3
834 589 3
579 417 3
213 861 3
707 833 3
833 707 3
769 707 3
340 696 3
288 390 3
340 862 3
480 251 3
403 678 3
678 403 3
769 783 3
678 579 3
312 33 3
71 860 3
71 703 3
680 625 3
480 251 3
792 784 3
33 312 3
792 862 3
616 703 3
598 40 3
8 682 3
430 616 3
539 830 3
539 438 3
371 764 3
430 616 3
625 680 3
703 616 3
430 616 3
616 703 3
703 616 3
825 371 3
488 371 3
703 821 3
616 703 3
400 638 3
430 51 3
703 616 3
616 703 3
447 243 3
703 616 3
31 282 3
31 625 3
31 51 3
31 631 3
31 639 3
769 31 3
31 154 3
686 597 3
639 31 3
31 639 3
40 765 3
251 686 3
251 480 3
31 67 3
639 31 3
31 703 3
625 31 3
31 639 3
769 31 3
31 625 3
550 31 3
769 797 3
598 31 3
598 40 3
371 488 3
858 31 3
625 31 3
769 653 3
858 678 3
531 363 3
858 307 3
858 686 3
858 324 3
512 262 3
858 31 3
550 223 3
598 31 3
769 31 3
541 351 3
52 784 3
52 541 3
696 340 3
769 852 3
707 833 3
219 645 3
769 707 3
35 109 3
474 391 3
696 636 3
436 624 3
604 349 3
494 863 3
73 616 3
52 541 3
491 707 3
11 390 3
696 288 3
438 211 3
11 526 3
11 342 3
11 174 3
11 139 3
11 680 3
11 822 3
11 438 3
8 682 3
11 822 3
72 604 3
11 822 3
11 822 3
241 822 3
822 241 3
11 822 3
8 390 3
8 752 3
11 7 3
31 59 3
822 241 3
11 822 3
11 822 3
211 47 3
43 769 3
18 524 3
769 707 3
616 73 3
864 513 3
769 616 3
8 616 3
829 296 3
8 834 3
582 307 3
8 55 3
333 686 3
52 541 3
72 73 3
604 72 3
604 703 3
604 59 3
604 271 3
72 604 3
403 678 3
604 72 3
703 604 3
72 604 3
764 829 3
302 834 3
764 371 3
8 616 3
8 616 3
73 72 3
829 764 3
703 604 3
594 659 3
764 829 3
371 535 3
535 371 3
829 764 3
497 822 3
371 535 3
764 829 3
535 371 3
764 424 3
371 535 3
550 586 3
430 616 3
685 497 3
822 497 3
865 833 3
438 130 3
550 675 3
727 616 3
724 727 3
430 322 3
720 866 3
720 387 3
480 686 3
430 322 3
322 87 3
535 371 3
686 480 3
686 193 3
430 322 3
322 160 3
193 686 3
480 686 3
160 322 3
430 322 3
190 764 3
322 160 3
497 822 3
829 764 3
322 67 3
430 322 3
387 720 3
127 714 3
430 322 3
430 322 3
822 497 3
764 190 3
764 829 3
535 764 3
213 867 3
333 822 3
703 840 3
388 73 3
764 535 3
11 174 3
535 764 3
388 829 3
11 822 3
829 764 3
829 388 3
102 867 3
11 710 3
829 839 3
430 322 3
349 604 3
631 31 3
833 865 3
402 768 3
175 822 3
624 436 3
792 775 3
792 775 3
211 438 3
211 677 3
190 764 3
211 304 3
174 639 3
436 624 3
211 764 3
430 322 3
769 436 3
312 33 3
764 190 3
868 822 3
764 211 3
430 322 3
703 604 3
764 567 3
764 225 3
624 436 3
190 764 3
791 678 3
551 764 3
764 190 3
399 625 3
764 535 3
399 322 3
399 322 3
399 682 3
399 782 3
764 406 3
764 125 3
190 764 3
399 503 3
146 190 3
322 399 3
31 631 3
388 829 3
775 792 3
775 400 3
349 480 3
829 388 3
66 322 3
66 861 3
614 764 3
712 349 3
643 658 3
712 461 3
712 371 3
756 686 3
18 113 3
712 703 3
712 102 3
712 320 3
712 40 3
712 251 3
712 241 3
712 399 3
265 616 3
712 282 3
378 73 3
712 324 3
712 715 3
712 66 3
712 47 3
764 614 3
699 67 3
712 101 3
67 322 3
225 764 3
699 554 3
699 67 3
712 478 3
712 358 3
712 208 3
712 713 3
296 829 3
769 378 3
712 713 3
637 869 3
8 682 3
8 710 3
769 96 3
8 211 3
11 526 3
11 756 3
712 461 3
710 8 3
11 710 3
712 726 3
712 102 3
318 337 3
11 710 3
593 764 3
712 198 3
130 438 3
712 123 3
8 625 3
712 623 3
8 312 3
712 481 3
712 846 3
11 710 3
8 71 3
712 650 3
712 737 3
11 710 3
712 362 3
712 585 3
8 861 3
829 296 3
710 338 3
8 281 3
8 71 3
11 710 3
712 40 3
11 710 3
712 251 3
249 535 3
326 764 3
712 703 3
11 710 3
712 769 3
535 249 3
712 40 3
11 710 3
682 47 3
11 710 3
483 769 3
869 637 3
769 501 3
769 395 3
856 71 3
11 710 3
8 682 3
468 805 3
40 494 3
219 653 3
40 388 3
468 597 3
43 769 3
421 390 3
11 710 3
71 856 3
712 40 3
625 399 3
712 40 3
82 834 3
712 362 3
341 543 3
712 8 3
791 840 3
11 710 3
219 653 3
341 597 3
322 66 3
322 67 3
870 96 3
685 497 3
865 833 3
769 322 3
752 637 3
188 711 3
338 710 3
188 711 3
710 338 3
338 710 3
219 653 3
718 861 3
718 861 3
732 625 3
11 710 3
11 568 3
11 710 3
37 312 3
718 711 3
752 711 3
732 501 3
870 501 3
732 474 3
732 752 3
474 501 3
37 474 3
515 616 3
732 474 3
769 453 3
732 752 3
37 312 3
769 474 3
37 312 3
349 480 3
474 769 3
37 312 3
349 871 3
293 829 3
349 871 3
732 312 3
349 871 3
818 828 3
349 625 3
37 312 3
872 769 3
732 312 3
37 312 3
37 312 3
600 102 3
11 568 3
600 50 3
40 501 3
732 312 3
873 874 3
102 600 3
856 71 3
732 312 3
769 616 3
11 568 3
732 312 3
474 391 3
130 873 3
678 840 3
11 616 3
35 769 3
37 312 3
11 568 3
67 322 3
320 712 3
616 595 3
604 703 3
776 842 3
102 712 3
37 312 3
11 604 3
776 315 3
732 312 3
102 712 3
11 604 3
875 756 3
67 322 3
249 535 3
732 312 3
37 312 3
604 102 3
11 604 3
102 604 3
18 524 3
732 312 3
604 102 3
732 312 3
11 710 3
732 312 3
11 756 3
18 524 3
11 756 3
11 568 3
102 604 3
841 712 3
349 625 3
604 102 3
769 604 3
349 859 3
616 402 3
604 769 3
11 568 3
769 604 3
35 769 3
223 770 3
40 609 3
102 604 3
604 769 3
623 7 3
769 604 3
604 102 3
700 857 3
11 568 3
623 696 3
604 769 3
102 604 3
616 102 3
253 700 3
769 604 3
102 616 3
829 876 3
35 769 3
604 769 3
35 18 3
616 102 3
732 312 3
253 604 3
253 604 3
18 653 3
833 865 3
253 604 3
678 864 3
253 873 3
253 604 3
637 752 3
637 869 3
877 481 3
678 700 3
35 249 3
37 312 3
253 604 3
732 312 3
829 597 3
253 653 3
253 604 3
253 604 3
637 322 3
35 878 3
312 37 3
829 637 3
253 604 3
35 596 3
637 829 3
37 312 3
35 249 3
538 604 3
312 37 3
732 312 3
872 342 3
18 108 3
715 712 3
253 604 3
637 253 3
37 312 3
538 604 3
732 312 3
604 253 3
595 253 3
253 604 3
349 625 3
872 710 3
62 546 3
253 395 3
604 253 3
62 546 3
312 37 3
349 625 3
253 604 3
637 253 3
637 829 3
37 312 3
872 127 3
637 28 3
604 253 3
685 769 3
253 604 3
765 40 3
639 174 3
604 253 3
253 604 3
595 253 3
637 765 3
732 312 3
253 595 3
637 829 3
637 253 3
604 253 3
732 51 3
253 604 3
764 593 3
554 481 3
604 253 3
595 253 3
253 604 3
764 369 3
829 879 3
604 253 3
639 388 3
616 349 3
37 312 3
710 872 3
604 253 3
616 769 3
604 880 3
40 765 3
616 639 3
764 881 3
604 829 3
881 764 3
616 769 3
829 604 3
616 639 3
639 616 3
40 862 3
312 37 3
769 537 3
881 593 3
880 604 3
37 312 3
312 37 3
732 312 3
312 37 3
37 312 3
253 604 3
253 595 3
37 312 3
881 535 3
616 639 3
686 193 3
249 40 3
829 296 3
40 249 3
604 829 3
604 880 3
296 829 3
616 769 3
604 253 3
430 616 3
882 881 3
595 253 3
249 40 3
769 616 3
829 296 3
616 769 3
296 829 3
829 604 3
829 296 3
296 829 3
40 249 3
829 296 3
604 829 3
880 604 3
829 604 3
604 880 3
604 829 3
174 639 3
880 604 3
829 604 3
604 72 3
604 880 3
639 616 3
604 829 3
639 174 3
883 296 3
829 604 3
604 829 3
296 883 3
829 604 3
241 712 3
883 296 3
604 829 3
829 604 3
880 604 3
430 322 3
174 639 3
604 829 3
604 880 3
188 711 3
639 174 3
241 822 3
829 604 3
453 769 3
639 388 3
315 776 3
616 639 3
174 639 3
842 884 3
259 173 3
604 829 3
259 703 3
737 712 3
829 604 3
639 616 3
259 102 3
639 174 3
604 829 3
870 639 3
399 712 3
259 173 3
174 639 3
829 604 3
399 625 3
883 296 3
677 211 3
208 712 3
474 769 3
604 829 3
829 604 3
399 322 3
241 450 3
604 829 3
399 775 3
259 282 3
399 395 3
259 687 3
829 604 3
399 595 3
259 249 3
604 829 3
259 337 3
616 639 3
399 885 3
829 604 3
47 682 3
604 829 3
884 797 3
241 388 3
399 675 3
829 604 3
399 167 3
884 575 3
604 829 3
399 834 3
829 604 3
562 408 3
604 829 3
174 639 3
769 453 3
87 322 3
399 370 3
399 543 3
399 122 3
47 712 3
399 886 3
686 462 3
399 165 3
369 764 3
399 165 3
399 165 3
399 80 3
399 591 3
399 58 3
399 438 3
399 881 3
399 75 3
399 375 3
833 322 3
399 563 3
370 399 3
399 264 3
251 597 3
399 852 3
399 451 3
399 12 3
399 887 3
180 453 3
399 830 3
399 100 3
337 318 3
8 568 3
399 419 3
8 568 3
316 604 3
399 865 3
8 259 3
399 19 3
8 625 3
399 359 3
8 312 3
399 888 3
8 752 3
399 867 3
399 107 3
399 385 3
241 296 3
399 153 3
399 571 3
399 537 3
399 418 3
639 884 3
102 259 3
399 113 3
399 707 3
399 516 3
399 498 3
296 241 3
399 801 3
399 889 3
399 458 3
399 511 3
399 890 3
399 314 3
399 891 3
399 798 3
399 798 3
203 180 3
203 829 3
399 892 3
399 443 3
399 63 3
399 893 3
399 893 3
399 894 3
399 894 3
399 894 3
852 399 3
399 815 3
399 839 3
399 463 3
399 463 3
193 515 3
399 459 3
399 599 3
399 674 3
399 381 3
399 895 3
399 861 3
399 164 3
399 526 3
399 896 3
399 672 3
193 448 3
399 897 3
399 10 3
399 851 3
399 157 3
71 856 3
399 742 3
399 898 3
399 390 3
241 296 3
399 522 3
193 233 3
597 193 3
399 700 3
399 818 3
399 442 3
545 582 3
491 711 3
399 96 3
399 518 3
545 296 3
399 527 3
491 711 3
399 710 3
399 899 3
399 900 3
545 198 3
399 787 3
399 84 3
399 734 3
833 342 3
399 38 3
233 193 3
399 720 3
711 718 3
399 293 3
399 901 3
491 711 3
833 167 3
491 711 3
833 770 3
399 797 3
641 322 3
545 834 3
833 512 3
399 824 3
491 711 3
399 14 3
711 752 3
545 852 3
833 296 3
491 711 3
399 357 3
494 40 3
399 283 3
399 840 3
902 791 3
399 1 3
399 903 3
399 410 3
399 746 3
833 711 3
491 711 3
399 904 3
399 475 3
711 833 3
399 569 3
399 733 3
399 298 3
833 711 3
833 711 3
545 852 3
399 586 3
852 905 3
399 134 3
399 816 3
399 843 3
711 491 3
399 303 3
399 583 3
399 600 3
399 250 3
399 906 3
650 764 3
399 108 3
399 681 3
545 597 3
399 494 3
399 151 3
545 852 3
399 69 3
399 831 3
399 435 3
399 323 3
399 172 3
494 399 3
399 310 3
399 565 3
399 555 3
399 150 3
491 783 3
399 706 3
780 295 3
399 772 3
399 540 3
193 597 3
399 907 3
399 448 3
399 822 3
399 908 3
399 542 3
399 909 3
399 765 3
399 450 3
399 578 3
399 612 3
399 910 3
66 900 3
399 697 3
399 512 3
399 401 3
491 834 3
399 462 3
11 31 3
399 148 3
399 582 3
399 863 3
399 370 3
764 650 3
628 127 3
399 494 3
764 882 3
808 339 3
808 399 3
754 193 3
494 399 3
11 100 3
808 911 3
808 912 3
399 494 3
399 840 3
834 8 3
834 302 3
491 711 3
834 399 3
834 751 3
834 491 3
188 711 3
72 604 3
900 66 3
900 399 3
842 776 3
842 574 3
712 40 3
712 585 3
637 641 3
637 883 3
703 604 3
873 253 3
711 188 3
711 491 3
733 399 3
535 881 3
707 491 3
535 249 3
707 769 3
822 241 3
822 868 3
707 472 3
40 494 3
40 900 3
699 399 3
296 241 3
296 833 3
175 296 3
677 296 3
296 677 3
582 399 3
193 912 3
522 723 3
798 399 3
248 860 3
167 399 3
167 833 3
430 322 3
597 251 3
597 829 3
597 341 3
597 468 3
597 686 3
597 67 3
597 193 3
483 769 3
483 399 3
399 733 3
69 399 3
18 524 3
399 798 3
399 167 3
302 834 3
399 69 3
883 912 3
193 172 3
362 712 3
467 829 3
198 597 3
259 8 3
769 707 3
172 399 3
467 913 3
399 172 3
172 748 3
241 296 3
296 241 3
67 597 3
808 883 3
282 765 3
282 31 3
503 399 3
31 282 3
808 883 3
851 399 3
282 259 3
282 31 3
602 813 3
602 813 3
282 822 3
219 399 3
799 765 3
914 873 3
277 26 3
211 351 3
241 296 3
399 219 3
914 223 3
399 851 3
585 597 3
399 503 3
308 211 3
296 241 3
18 861 3
26 277 3
512 833 3
685 872 3
851 399 3
872 710 3
193 233 3
491 834 3
503 399 3
491 834 3
193 686 3
193 846 3
8 568 3
193 295 3
568 8 3
193 421 3
193 98 3
193 822 3
193 399 3
193 198 3
833 512 3
193 282 3
833 861 3
833 167 3
608 597 3
714 783 3
883 193 3
182 40 3
508 363 3
508 512 3
508 706 3
182 619 3
710 399 3
710 872 3
767 703 3
767 800 3
798 399 3
182 915 3
767 33 3
436 624 3
767 213 3
205 193 3
281 33 3
481 554 3
481 900 3
620 193 3
840 703 3
524 864 3
281 8 3
598 40 3
598 399 3
678 840 3
767 71 3
678 220 3
767 585 3
211 308 3
703 767 3
767 592 3
241 296 3
211 302 3
767 703 3
66 600 3
211 638 3
66 916 3
473 678 3
703 767 3
834 491 3
678 473 3
685 872 3
620 597 3
620 597 3
296 241 3
840 678 3
723 522 3
473 678 3
678 473 3
678 840 3
473 678 3
678 473 3
473 678 3
625 736 3
585 767 3
678 473 3
473 678 3
193 182 3
211 479 3
182 241 3
678 473 3
102 830 3
193 182 3
473 678 3
453 180 3
678 473 3
102 873 3
473 678 3
102 764 3
241 324 3
914 625 3
686 193 3
241 296 3
182 915 3
71 767 3
182 643 3
324 241 3
833 873 3
102 71 3
198 857 3
241 324 3
296 241 3
102 840 3
388 40 3
388 639 3
840 102 3
388 639 3
388 241 3
102 840 3
388 193 3
875 211 3
388 829 3
324 241 3
71 102 3
102 71 3
764 361 3
873 102 3
241 324 3
767 71 3
71 102 3
102 71 3
102 873 3
395 769 3
71 767 3
395 253 3
71 102 3
395 399 3
275 902 3
188 711 3
102 71 3
71 102 3
102 71 3
102 685 3
50 524 3
188 711 3
241 388 3
193 324 3
767 71 3
102 71 3
71 102 3
512 508 3
71 767 3
213 767 3
917 707 3
71 102 3
73 597 3
102 71 3
73 873 3
71 102 3
767 71 3
73 512 3
102 71 3
374 193 3
524 50 3
374 295 3
473 345 3
188 711 3
473 718 3
483 769 3
483 399 3
421 193 3
71 767 3
554 481 3
71 102 3
620 818 3
767 620 3
785 784 3
188 711 3
822 399 3
767 585 3
822 547 3
193 295 3
308 822 3
703 918 3
50 524 3
308 912 3
308 847 3
356 378 3
516 399 3
516 569 3
516 437 3
341 597 3
295 374 3
173 259 3
295 780 3
173 259 3
808 241 3
102 378 3
678 473 3
919 102 3
31 374 3
219 102 3
829 388 3
919 102 3
829 467 3
337 453 3
829 597 3
524 50 3
919 102 3
102 494 3
494 399 3
919 102 3
534 439 3
494 40 3
494 102 3
102 919 3
453 337 3
102 494 3
919 102 3
102 919 3
881 920 3
881 920 3
881 225 3
193 497 3
102 733 3
130 733 3
829 453 3
881 531 3
881 921 3
864 524 3
720 399 3
720 922 3
453 829 3
524 864 3
685 102 3
829 453 3
851 703 3
881 387 3
453 829 3
767 818 3
818 399 3
616 72 3
703 604 3
430 537 3
678 922 3
780 295 3
678 767 3
430 616 3
193 96 3
920 881 3
203 197 3
767 678 3
430 616 3
767 873 3
248 710 3
711 752 3
767 482 3
430 616 3
326 773 3
829 453 3
638 399 3
638 400 3
638 211 3
837 852 3
718 837 3
837 718 3
453 829 3
829 453 3
920 535 3
923 718 3
535 920 3
920 535 3
453 829 3
535 920 3
920 535 3
535 920 3
825 924 3
920 535 3
829 453 3
535 920 3
920 535 3
535 920 3
585 767 3
825 924 3
920 535 3
453 829 3
43 718 3
620 718 3
535 920 3
43 188 3
920 535 3
535 920 3
767 923 3
287 619 3
718 620 3
213 100 3
858 399 3
858 324 3
858 213 3
858 680 3
858 213 3
858 680 3
707 769 3
858 213 3
833 707 3
833 711 3
833 711 3
72 616 3
659 594 3
430 392 3
271 604 3
33 767 3
127 628 3
127 628 3
295 780 3
337 453 3
680 625 3
50 524 3
491 834 3
524 50 3
50 524 3
524 50 3
50 524 3
524 50 3
50 524 3
190 370 3
50 524 3
524 50 3
524 50 3
524 50 3
524 50 3
50 524 3
524 50 3
524 50 3
50 524 3
524 50 3
833 392 3
769 395 3
769 483 3
769 707 3
50 524 3
190 873 3
50 524 3
50 524 3
912 308 3
50 524 3
912 883 3
912 193 3
912 190 3
912 50 3
524 50 3
31 925 3
524 50 3
324 193 3
524 50 3
144 718 3
50 524 3
524 50 3
912 87 3
535 926 3
524 50 3
50 524 3
524 50 3
193 912 3
912 813 3
50 524 3
193 324 3
190 912 3
912 193 3
524 50 3
324 193 3
50 912 3
50 524 3
912 190 3
193 912 3
524 50 3
912 50 3
162 248 3
912 193 3
190 912 3
524 50 3
50 524 3
852 837 3
524 50 3
50 524 3
50 912 3
912 190 3
524 50 3
912 50 3
50 524 3
524 50 3
912 338 3
50 912 3
68 686 3
912 50 3
50 524 3
524 50 3
50 912 3
912 794 3
912 50 3
50 524 3
524 50 3
524 50 3
733 130 3
50 912 3
733 102 3
912 98 3
50 524 3
912 50 3
524 50 3
50 524 3
524 50 3
102 733 3
858 324 3
190 912 3
50 524 3
50 524 3
50 524 3
524 50 3
912 40 3
50 524 3
912 190 3
912 241 3
733 102 3
50 912 3
547 822 3
912 718 3
102 733 3
912 50 3
50 912 3
718 912 3
796 341 3
733 102 3
102 733 3
43 213 3
50 524 3
912 50 3
813 924 3
912 718 3
813 912 3
733 102 3
912 813 3
102 733 3
190 912 3
453 337 3
733 102 3
43 833 3
912 190 3
102 733 3
96 193 3
733 102 3
50 912 3
102 733 3
718 912 3
190 912 3
925 31 3
813 912 3
912 50 3
912 718 3
912 190 3
912 813 3
733 102 3
791 902 3
791 678 3
102 733 3
925 324 3
733 102 3
924 813 3
537 430 3
338 912 3
324 925 3
925 324 3
150 906 3
927 481 3
567 764 3
737 653 3
399 851 3
829 453 3
927 481 3
813 912 3
927 40 3
73 560 3
620 718 3
560 73 3
307 582 3
927 793 3
927 481 3
307 928 3
767 923 3
653 737 3
767 33 3
307 929 3
193 462 3
275 923 3
307 930 3
430 537 3
927 193 3
307 862 3
307 184 3
193 295 3
193 620 3
288 182 3
193 883 3
453 829 3
253 873 3
102 931 3
73 378 3
620 193 3
73 560 3
193 620 3
718 620 3
829 453 3
619 653 3
619 472 3
619 287 3
560 73 3
923 184 3
923 829 3
780 295 3
767 923 3
453 829 3
796 912 3
558 96 3
767 923 3
932 902 3
96 558 3
96 399 3
96 769 3
96 846 3
96 686 3
102 929 3
102 685 3
258 597 3
732 453 3
732 453 3
927 193 3
675 399 3
732 453 3
50 912 3
624 436 3
796 453 3
933 96 3
50 918 3
672 399 3
732 453 3
453 796 3
251 934 3
482 767 3
453 732 3
934 251 3
251 934 3
387 881 3
251 934 3
699 399 3
287 619 3
927 731 3
190 737 3
767 482 3
190 927 3
324 925 3
377 643 3
421 385 3
377 395 3
130 685 3
620 718 3
620 193 3
438 211 3
421 767 3
102 377 3
438 130 3
102 782 3
96 933 3
421 834 3
96 190 3
130 438 3
35 833 3
678 767 3
767 421 3
392 430 3
556 925 3
438 130 3
392 833 3
678 392 3
833 392 3
392 833 3
833 392 3
833 392 3
35 833 3
392 678 3
782 102 3
392 833 3
96 190 3
776 842 3
130 438 3
620 818 3
833 392 3
392 833 3
767 678 3
833 392 3
438 130 3
392 833 3
829 923 3
829 453 3
927 190 3
833 392 3
718 620 3
453 829 3
829 453 3
850 678 3
678 392 3
850 851 3
850 678 3
392 678 3
791 678 3
678 392 3
453 829 3
430 392 3
392 678 3
545 582 3
791 338 3
130 438 3
392 430 3
829 453 3
190 927 3
545 597 3
40 388 3
40 912 3
678 392 3
40 927 3
392 678 3
469 620 3
678 392 3
430 392 3
927 40 3
392 678 3
40 927 3
392 430 3
554 513 3
678 392 3
927 190 3
852 596 3
927 40 3
392 678 3
430 392 3
678 392 3
392 678 3
678 392 3
686 935 3
190 927 3
236 710 3
678 902 3
686 375 3
392 678 3
86 392 3
678 392 3
307 253 3
392 86 3
387 407 3
387 407 3
392 678 3
307 236 3
678 392 3
86 392 3
392 678 3
678 392 3
392 678 3
718 801 3
678 392 3
392 678 3
582 307 3
678 392 3
392 678 3
678 392 3
308 936 3
392 678 3
801 718 3
59 604 3
637 743 3
40 927 3
338 791 3
678 392 3
767 818 3
453 829 3
620 718 3
620 833 3
767 818 3
556 582 3
620 469 3
324 923 3
614 764 3
923 829 3
324 782 3
767 818 3
740 710 3
94 937 3
236 307 3
834 491 3
678 403 3
724 927 3
718 620 3
933 127 3
873 253 3
718 801 3
718 801 3
678 403 3
793 597 3
620 718 3
718 620 3
933 436 3
933 459 3
782 324 3
782 102 3
637 938 3
801 718 3
324 782 3
597 793 3
718 801 3
620 718 3
937 94 3
718 620 3
914 392 3
927 190 3
724 927 3
782 324 3
171 597 3
324 782 3
873 190 3
873 73 3
302 211 3
324 873 3
823 773 3
823 773 3
773 823 3
324 759 3
773 823 3
801 718 3
307 637 3
759 324 3
823 773 3
127 933 3
324 759 3
759 324 3
773 823 3
637 307 3
718 801 3
324 759 3
759 324 3
73 939 3
801 718 3
823 773 3
718 801 3
773 823 3
937 324 3
324 937 3
369 277 3
873 324 3
786 719 3
598 40 3
324 873 3
678 173 3
935 686 3
731 927 3
374 31 3
927 731 3
637 757 3
674 461 3
637 354 3
307 560 3
144 718 3
637 939 3
307 430 3
637 50 3
801 718 3
637 939 3
637 939 3
933 127 3
637 939 3
637 723 3
940 815 3
940 815 3
940 815 3
430 307 3
494 102 3
50 637 3
940 925 3
939 637 3
582 556 3
941 650 3
941 645 3
941 942 3
941 649 3
933 436 3
324 940 3
407 253 3
943 127 3
407 387 3
556 582 3
72 73 3
282 193 3
282 444 3
703 923 3
769 385 3
872 223 3
444 282 3
769 685 3
282 444 3
407 387 3
769 927 3
846 96 3
769 927 3
769 512 3
444 282 3
282 444 3
444 282 3
282 444 3
387 407 3
282 296 3
556 512 3
444 282 3
556 444 3
944 624 3
403 678 3
171 637 3
737 190 3
403 678 3
624 944 3
344 517 3
344 517 3
344 345 3
782 324 3
344 690 3
344 690 3
344 690 3
344 945 3
344 946 3
344 94 3
241 912 3
102 385 3
102 344 3
102 947 3
900 481 3
900 40 3
883 193 3
883 912 3
188 711 3
66 682 3
800 767 3
800 767 3
472 619 3
193 282 3
637 50 3
902 932 3
902 678 3
829 453 3
829 923 3
856 71 3
183 927 3
31 374 3
31 374 3
173 678 3
927 183 3
40 900 3
483 769 3
31 939 3
808 572 3
598 40 3
598 40 3
764 567 3
598 40 3
620 773 3
392 262 3
620 773 3
620 685 3
625 737 3
943 392 3
461 674 3
948 26 3
912 813 3
912 796 3
912 50 3
71 856 3
912 40 3
912 241 3
912 883 3
914 900 3
473 678 3
829 912 3
912 829 3
198 444 3
461 912 3
473 846 3
399 395 3
912 461 3
707 833 3
914 927 3
461 912 3
914 392 3
948 198 3
912 461 3
399 822 3
461 912 3
399 516 3
678 902 3
726 637 3
678 473 3
678 403 3
399 818 3
914 653 3
399 638 3
26 948 3
26 183 3
769 483 3
912 461 3
769 172 3
914 436 3
914 885 3
399 675 3
295 193 3
223 872 3
295 444 3
914 861 3
399 672 3
619 472 3
912 949 3
914 840 3
912 637 3
912 547 3
399 699 3
637 912 3
637 912 3
780 232 3
914 822 3
473 678 3
733 616 3
914 900 3
282 193 3
253 407 3
253 873 3
253 307 3
461 912 3
950 473 3
927 914 3
767 800 3
436 624 3
473 950 3
914 927 3
598 67 3
67 172 3
67 598 3
598 67 3
67 598 3
69 399 3
678 948 3
598 67 3
67 598 3
598 67 3
67 598 3
35 833 3
35 939 3
241 912 3
598 67 3
585 307 3
67 598 3
67 374 3
598 67 3
585 537 3
307 585 3
67 598 3
598 67 3
67 598 3
883 912 3
941 71 3
598 67 3
67 598 3
598 67 3
188 711 3
35 188 3
67 598 3
598 67 3
67 598 3
829 548 3
354 193 3
598 67 3
67 598 3
354 295 3
354 315 3
941 453 3
188 578 3
598 67 3
188 867 3
67 598 3
102 852 3
282 852 3
188 861 3
188 734 3
188 734 3
188 734 3
675 399 3
102 51 3
102 598 3
598 67 3
598 102 3
188 681 3
188 801 3
67 598 3
102 598 3
102 830 3
829 951 3
598 67 3
952 264 3
219 102 3
598 102 3
67 598 3
952 84 3
102 598 3
952 953 3
949 912 3
598 102 3
949 259 3
598 67 3
102 598 3
67 598 3
653 914 3
182 288 3
127 714 3
951 829 3
182 768 3
598 67 3
598 102 3
102 598 3
653 619 3
497 193 3
653 631 3
67 598 3
337 453 3
949 428 3
102 305 3
589 834 3
949 516 3
631 653 3
949 587 3
598 67 3
102 885 3
724 927 3
653 631 3
67 598 3
472 619 3
631 653 3
497 388 3
948 678 3
598 67 3
653 631 3
102 597 3
102 928 3
508 512 3
508 271 3
211 438 3
631 653 3
941 41 3
41 338 3
737 625 3
41 572 3
67 598 3
211 764 3
41 444 3
572 41 3
41 921 3
585 307 3
41 40 3
585 951 3
598 67 3
67 598 3
41 71 3
71 41 3
41 193 3
598 67 3
41 737 3
67 598 3
41 631 3
41 954 3
41 290 3
167 399 3
102 840 3
167 833 3
41 352 3
102 798 3
41 766 3
41 262 3
288 182 3
288 834 3
41 599 3
840 914 3
211 677 3
834 288 3
262 41 3
41 262 3
598 67 3
262 41 3
41 951 3
67 598 3
41 131 3
480 768 3
102 62 3
41 301 3
497 685 3
102 916 3
497 822 3
301 41 3
480 767 3
767 392 3
767 480 3
776 316 3
776 58 3
703 900 3
102 524 3
598 67 3
262 392 3
102 524 3
67 598 3
403 678 3
102 524 3
852 282 3
392 262 3
102 524 3
102 524 3
852 102 3
102 524 3
102 524 3
102 524 3
288 834 3
598 67 3
392 262 3
40 41 3
67 598 3
40 912 3
102 524 3
102 524 3
102 524 3
102 524 3
102 852 3
102 524 3
102 524 3
182 288 3
182 955 3
598 67 3
102 524 3
102 524 3
102 524 3
67 598 3
102 524 3
102 524 3
102 524 3
776 839 3
102 524 3
102 524 3
858 324 3
102 524 3
598 67 3
18 524 3
18 524 3
858 399 3
307 585 3
858 188 3
67 598 3
18 653 3
399 69 3
776 428 3
399 675 3
399 167 3
524 102 3
18 956 3
732 501 3
598 67 3
732 625 3
776 720 3
18 524 3
102 524 3
67 598 3
18 858 3
399 858 3
102 524 3
18 524 3
18 524 3
18 524 3
858 399 3
96 933 3
96 846 3
399 858 3
18 858 3
18 524 3
18 524 3
198 948 3
66 916 3
732 858 3
18 923 3
732 834 3
598 67 3
18 597 3
102 956 3
776 512 3
18 710 3
625 737 3
625 732 3
67 598 3
102 344 3
198 211 3
951 41 3
927 914 3
932 902 3
51 102 3
102 51 3
598 67 3
188 858 3
453 829 3
550 858 3
453 337 3
188 858 3
829 453 3
276 253 3
951 585 3
296 282 3
453 829 3
241 453 3
769 453 3
769 787 3
957 958 3
957 958 3
66 281 3
957 703 3
643 377 3
686 472 3
686 472 3
883 927 3
620 829 3
686 835 3
883 555 3
829 620 3
620 767 3
829 453 3
769 767 3
923 685 3
769 959 3
769 598 3
102 930 3
703 957 3
927 883 3
767 769 3
883 927 3
512 776 3
769 767 3
927 883 3
276 769 3
883 927 3
516 399 3
516 949 3
33 767 3
516 949 3
927 883 3
453 769 3
453 829 3
598 769 3
18 653 3
883 927 3
769 453 3
769 598 3
18 923 3
949 453 3
598 769 3
949 453 3
453 949 3
949 453 3
769 598 3
453 949 3
949 453 3
780 720 3
939 31 3
922 720 3
829 453 3
453 949 3
453 829 3
949 453 3
927 883 3
453 949 3
858 399 3
31 939 3
949 453 3
858 732 3
883 927 3
625 680 3
18 858 3
858 550 3
41 951 3
375 686 3
624 436 3
453 949 3
41 793 3
18 858 3
18 858 3
625 914 3
18 710 3
949 453 3
35 939 3
453 949 3
949 453 3
18 710 3
35 188 3
453 949 3
598 769 3
927 883 3
769 598 3
703 139 3
18 858 3
18 710 3
724 927 3
424 764 3
883 927 3
927 333 3
678 948 3
858 625 3
497 873 3
764 424 3
193 497 3
193 354 3
193 282 3
598 769 3
193 620 3
598 288 3
193 41 3
927 883 3
193 295 3
18 653 3
769 598 3
288 598 3
333 927 3
927 333 3
18 858 3
333 927 3
193 927 3
193 96 3
927 333 3
333 927 3
948 198 3
625 858 3
883 927 3
598 769 3
333 193 3
927 333 3
598 288 3
87 951 3
333 927 3
333 927 3
769 598 3
288 598 3
948 678 3
927 193 3
41 960 3
18 653 3
927 333 3
459 933 3
193 333 3
724 927 3
333 927 3
193 927 3
333 193 3
800 767 3
720 776 3
720 922 3
193 333 3
333 193 3
598 288 3
598 769 3
288 598 3
769 598 3
927 333 3
333 927 3
598 288 3
66 459 3
18 653 3
598 769 3
66 720 3
720 780 3
769 598 3
497 193 3
66 720 3
288 598 3
769 193 3
678 948 3
927 333 3
686 949 3
193 497 3
66 678 3
933 459 3
193 769 3
933 459 3
927 193 3
66 927 3
193 497 3
66 535 3
678 948 3
769 193 3
66 678 3
497 193 3
276 193 3
193 769 3
193 497 3
598 769 3
41 800 3
927 66 3
66 678 3
41 175 3
193 497 3
637 938 3
637 519 3
769 193 3
66 927 3
769 598 3
41 927 3
62 102 3
961 615 3
175 41 3
961 615 3
62 241 3
481 900 3
241 296 3
62 962 3
491 834 3
927 41 3
497 193 3
241 62 3
62 241 3
813 927 3
102 62 3
193 497 3
941 71 3
829 453 3
295 354 3
941 453 3
295 193 3
276 193 3
66 678 3
241 62 3
598 769 3
62 102 3
296 241 3
62 241 3
102 62 3
62 102 3
769 598 3
949 686 3
927 813 3
497 193 3
102 62 3
62 102 3
927 883 3
131 41 3
724 927 3
276 769 3
276 883 3
102 62 3
276 829 3
948 678 3
102 62 3
276 270 3
62 102 3
62 102 3
678 948 3
71 941 3
241 62 3
62 241 3
66 678 3
241 296 3
276 769 3
241 62 3
401 399 3
276 829 3
62 241 3
275 923 3
296 241 3
276 769 3
598 769 3
241 296 3
769 598 3
62 948 3
241 62 3
62 241 3
850 678 3
296 241 3
66 211 3
276 769 3
374 31 3
66 678 3
850 786 3
62 192 3
453 829 3
923 767 3
241 296 3
192 62 3
374 67 3
948 678 3
241 62 3
850 678 3
192 62 3
62 241 3
948 62 3
102 937 3
296 241 3
192 62 3
62 948 3
276 769 3
678 948 3
102 401 3
241 296 3
192 62 3
241 62 3
192 62 3
939 597 3
829 453 3
568 948 3
296 241 3
192 301 3
453 829 3
241 296 3
192 62 3
939 535 3
948 62 3
637 963 3
276 829 3
262 131 3
535 939 3
296 241 3
276 769 3
939 535 3
941 453 3
568 948 3
422 674 3
724 927 3
401 102 3
535 939 3
941 645 3
241 296 3
276 769 3
939 535 3
102 401 3
296 241 3
963 637 3
241 296 3
102 616 3
941 453 3
276 769 3
637 963 3
616 72 3
535 939 3
939 535 3
296 241 3
453 941 3
925 940 3
941 453 3
925 556 3
927 93 3
616 733 3
453 941 3
241 296 3
678 948 3
302 839 3
939 453 3
939 453 3
925 324 3
637 963 3
276 769 3
939 707 3
453 939 3
93 927 3
535 939 3
707 939 3
296 241 3
923 67 3
241 255 3
923 67 3
939 453 3
241 296 3
939 535 3
939 707 3
276 769 3
839 302 3
453 939 3
535 939 3
296 241 3
497 839 3
941 453 3
255 497 3
686 949 3
241 296 3
776 720 3
927 724 3
18 653 3
497 255 3
453 941 3
96 193 3
18 923 3
131 262 3
276 769 3
724 927 3
102 839 3
296 241 3
102 255 3
582 556 3
241 296 3
296 241 3
52 249 3
238 949 3
262 131 3
18 710 3
939 535 3
238 949 3
727 616 3
949 686 3
377 643 3
724 839 3
302 839 3
733 616 3
949 839 3
238 949 3
883 927 3
535 939 3
727 606 3
497 494 3
839 724 3
839 949 3
949 839 3
799 764 3
131 262 3
262 131 3
18 653 3
839 535 3
808 572 3
939 535 3
401 102 3
18 653 3
808 829 3
519 963 3
333 839 3
839 333 3
724 839 3
769 839 3
808 883 3
952 26 3
769 255 3
952 587 3
839 724 3
952 839 3
618 193 3
852 102 3
618 388 3
927 964 3
618 783 3
618 193 3
839 351 3
193 618 3
808 883 3
927 883 3
618 193 3
927 724 3
769 276 3
964 927 3
618 193 3
912 461 3
825 912 3
618 193 3
912 241 3
193 618 3
333 839 3
912 883 3
939 51 3
618 193 3
276 769 3
912 949 3
912 40 3
724 839 3
707 939 3
193 618 3
939 150 3
927 964 3
572 839 3
949 912 3
497 392 3
939 273 3
883 912 3
769 276 3
965 696 3
724 927 3
808 883 3
912 949 3
618 193 3
839 572 3
808 572 3
653 345 3
912 883 3
585 951 3
696 965 3
939 797 3
949 912 3
808 776 3
193 618 3
653 345 3
883 927 3
912 949 3
93 964 3
912 829 3
948 912 3
26 952 3
93 319 3
585 653 3
939 60 3
883 912 3
18 710 3
238 949 3
585 537 3
949 912 3
585 839 3
939 712 3
618 193 3
618 193 3
965 696 3
839 585 3
696 965 3
939 707 3
939 912 3
634 596 3
965 696 3
912 948 3
296 336 3
870 839 3
653 585 3
912 883 3
637 519 3
685 130 3
912 949 3
685 769 3
912 939 3
653 585 3
927 572 3
685 620 3
639 783 3
685 923 3
829 912 3
572 927 3
572 927 3
912 829 3
40 912 3
829 276 3
912 40 3
948 912 3
912 948 3
829 453 3
769 276 3
829 912 3
497 193 3
829 839 3
639 637 3
839 262 3
883 912 3
262 839 3
634 718 3
620 685 3
40 912 3
637 639 3
927 572 3
927 572 3
293 830 3
538 839 3
51 102 3
51 939 3
723 839 3
927 883 3
572 927 3
18 409 3
718 634 3
370 190 3
589 839 3
18 805 3
927 572 3
883 927 3
18 526 3
949 912 3
696 965 3
392 497 3
238 949 3
497 392 3
392 497 3
696 340 3
680 387 3
387 680 3
680 387 3
238 949 3
964 93 3
497 392 3
949 238 3
392 497 3
62 241 3
776 296 3
62 192 3
62 948 3
102 966 3
808 770 3
192 62 3
808 883 3
238 949 3
395 377 3
371 395 3
839 723 3
839 538 3
839 589 3
560 307 3
967 77 3
31 956 3
253 276 3
808 829 3
560 102 3
276 253 3
560 726 3
296 776 3
769 43 3
678 71 3
67 374 3
515 193 3
73 378 3
67 598 3
966 102 3
67 923 3
345 344 3
73 839 3
71 678 3
193 515 3
102 966 3
453 829 3
67 839 3
560 102 3
52 952 3
780 720 3
808 829 3
794 912 3
703 604 3
653 345 3
965 696 3
211 198 3
678 71 3
560 955 3
800 41 3
703 616 3
829 453 3
927 883 3
927 724 3
198 211 3
395 371 3
388 241 3
833 707 3
388 829 3
31 653 3
724 927 3
388 618 3
808 829 3
40 927 3
175 927 3
388 40 3
653 31 3
388 497 3
653 31 3
67 951 3
829 388 3
497 388 3
497 392 3
927 40 3
927 175 3
388 829 3
966 278 3
966 278 3
966 278 3
388 497 3
822 308 3
966 278 3
175 927 3
141 243 3
719 786 3
927 724 3
924 825 3
35 188 3
927 175 3
829 388 3
18 524 3
822 497 3
198 568 3
678 305 3
808 829 3
497 388 3
31 653 3
175 927 3
35 939 3
593 764 3
593 881 3
72 616 3
822 914 3
678 340 3
585 839 3
682 66 3
40 388 3
497 822 3
40 927 3
446 399 3
585 653 3
833 167 3
585 653 3
568 198 3
211 740 3
60 939 3
822 399 3
324 858 3
598 67 3
363 508 3
808 883 3
724 927 3
808 829 3
363 531 3
67 598 3
35 833 3
282 852 3
822 497 3
585 814 3
282 296 3
800 312 3
834 491 3
150 939 3
585 968 3
282 193 3
497 822 3
598 67 3
35 939 3
26 969 3
808 829 3
35 833 3
776 296 3
839 73 3
35 18 3
839 585 3
949 814 3
822 497 3
296 282 3
491 834 3
757 740 3
949 340 3
491 834 3
724 951 3
724 951 3
180 966 3
296 776 3
491 834 3
35 18 3
211 198 3
808 829 3
651 26 3
776 296 3
808 481 3
296 776 3
776 839 3
585 839 3
949 822 3
939 150 3
180 453 3
776 296 3
282 276 3
834 491 3
276 282 3
282 276 3
491 834 3
276 282 3
808 829 3
211 302 3
491 834 3
781 535 3
35 939 3
822 949 3
808 481 3
870 782 3
276 40 3
198 568 3
296 776 3
340 949 3
198 211 3
949 822 3
949 340 3
822 949 3
203 180 3
340 949 3
494 497 3
813 912 3
26 651 3
203 497 3
776 296 3
276 822 3
870 276 3
870 494 3
651 26 3
949 822 3
870 276 3
949 340 3
839 776 3
808 829 3
26 651 3
724 696 3
776 276 3
651 26 3
822 276 3
276 776 3
822 949 3
870 276 3
927 40 3
781 482 3
8 141 3
276 822 3
8 141 3
927 175 3
8 625 3
949 822 3
71 678 3
8 787 3
822 276 3
870 276 3
776 276 3
26 651 3
8 176 3
399 516 3
939 35 3
8 858 3
822 949 3
276 822 3
276 776 3
8 682 3
651 26 3
497 494 3
175 927 3
497 822 3
399 858 3
26 651 3
870 276 3
808 481 3
776 276 3
395 678 3
172 193 3
814 363 3
324 951 3
822 276 3
651 26 3
399 401 3
276 870 3
175 814 3
949 822 3
808 829 3
822 497 3
276 776 3
276 822 3
870 276 3
822 949 3
776 276 3
399 446 3
678 71 3
47 273 3
678 395 3
600 102 3
71 678 3
395 399 3
276 776 3
26 651 3
678 71 3
276 870 3
870 968 3
822 276 3
678 850 3
600 399 3
282 276 3
497 822 3
814 175 3
8 600 3
175 814 3
870 276 3
883 927 3
276 822 3
776 276 3
970 971 3
67 172 3
276 870 3
651 26 3
870 465 3
296 776 3
276 282 3
949 822 3
600 850 3
324 712 3
710 340 3
870 276 3
40 276 3
395 678 3
276 776 3
556 925 3
276 40 3
822 497 3
276 870 3
282 276 3
678 395 3
814 175 3
568 198 3
40 814 3
822 276 3
276 282 3
40 282 3
782 870 3
776 276 3
340 710 3
822 949 3
40 276 3
276 822 3
276 40 3
822 276 3
870 782 3
26 651 3
447 972 3
710 340 3
175 814 3
276 776 3
870 830 3
447 296 3
972 447 3
497 822 3
971 970 3
447 970 3
651 26 3
793 41 3
949 822 3
447 972 3
808 883 3
198 568 3
927 282 3
395 678 3
970 447 3
814 175 3
830 870 3
651 830 3
363 814 3
447 370 3
830 651 3
71 678 3
970 973 3
401 399 3
363 814 3
970 973 3
968 718 3
447 51 3
340 710 3
814 282 3
651 830 3
399 822 3
781 720 3
814 363 3
40 814 3
713 712 3
822 497 3
973 970 3
447 625 3
973 970 3
822 949 3
972 447 3
568 198 3
776 175 3
198 970 3
497 273 3
497 822 3
203 497 3
447 68 3
143 804 3
651 193 3
970 973 3
949 822 3
198 568 3
202 193 3
203 175 3
822 497 3
970 973 3
973 970 3
198 951 3
830 651 3
973 970 3
822 949 3
26 651 3
970 198 3
193 651 3
651 830 3
497 822 3
968 960 3
198 970 3
142 200 3
447 453 3
970 973 3
949 822 3
447 58 3
973 970 3
40 942 3
399 395 3
651 193 3
102 600 3
198 948 3
822 497 3
296 447 3
73 43 3
651 26 3
782 870 3
830 651 3
497 822 3
822 192 3
203 497 3
202 865 3
447 830 3
870 782 3
822 497 3
941 870 3
305 678 3
710 340 3
822 949 3
651 830 3
870 941 3
556 582 3
193 651 3
949 822 3
782 870 3
142 200 3
143 141 3
447 968 3
870 782 3
767 800 3
497 822 3
40 150 3
822 949 3
830 447 3
143 188 3
340 710 3
851 850 3
26 651 3
150 40 3
200 142 3
822 497 3
447 711 3
40 968 3
782 870 3
568 198 3
40 150 3
949 822 3
192 822 3
447 966 3
497 822 3
395 399 3
651 193 3
710 340 3
651 321 3
150 970 3
941 870 3
447 193 3
340 839 3
822 949 3
175 814 3
143 120 3
447 560 3
651 26 3
808 883 3
822 192 3
399 600 3
203 497 3
453 180 3
340 710 3
175 776 3
560 447 3
193 447 3
822 497 3
193 447 3
340 156 3
340 156 3
340 156 3
949 822 3
447 568 3
453 447 3
678 395 3
767 354 3
560 447 3
651 388 3
710 340 3
651 388 3
822 949 3
678 71 3
198 568 3
192 822 3
447 298 3
399 395 3
391 474 3
870 436 3
808 883 3
713 296 3
870 941 3
395 678 3
808 447 3
447 586 3
399 973 3
399 972 3
870 782 3
340 459 3
474 391 3
497 822 3
66 474 3
447 600 3
399 401 3
568 447 3
203 497 3
651 148 3
972 399 3
66 474 3
447 970 3
71 678 3
198 974 3
949 822 3
447 972 3
40 58 3
968 556 3
447 296 3
447 830 3
852 975 3
769 35 3
776 175 3
66 474 3
830 447 3
143 40 3
782 870 3
340 710 3
203 497 3
66 474 3
972 447 3
769 60 3
71 966 3
399 972 3
8 651 3
8 600 3
66 474 3
560 447 3
203 776 3
282 276 3
678 71 3
808 883 3
276 282 3
560 556 3
282 927 3
678 395 3
282 814 3
710 340 3
447 453 3
282 276 3
296 713 3
282 40 3
976 345 3
336 296 3
296 447 3
949 822 3
180 453 3
395 678 3
336 965 3
556 968 3
296 336 3
710 340 3
678 395 3
180 494 3
822 192 3
203 497 3
447 568 3
188 35 3
276 282 3
585 977 3
822 497 3
8 651 3
293 830 3
560 447 3
71 678 3
188 143 3
355 710 3
203 180 3
447 830 3
822 949 3
710 355 3
822 949 3
808 447 3
40 977 3
193 447 3
203 776 3
295 193 3
972 399 3
808 883 3
560 447 3
977 978 3
560 447 3
556 560 3
307 560 3
180 203 3
355 710 3
949 822 3
710 355 3
968 556 3
66 977 3
497 203 3
203 180 3
40 282 3
395 678 3
175 977 3
395 678 3
560 556 3
211 438 3
973 977 3
678 395 3
497 822 3
447 243 3
560 307 3
830 447 3
355 710 3
560 447 3
678 395 3
447 253 3
808 447 3
203 497 3
322 67 3
979 830 3
560 447 3
395 678 3
447 830 3
322 637 3
978 977 3
556 968 3
914 822 3
193 295 3
776 175 3
192 822 3
830 979 3
67 322 3
295 193 3
447 808 3
203 302 3
968 556 3
822 949 3
830 447 3
497 203 3
395 678 3
678 395 3
560 447 3
979 830 3
678 395 3
203 497 3
193 295 3
447 830 3
822 497 3
830 979 3
556 560 3
857 198 3
447 560 3
336 296 3
8 651 3
494 497 3
949 822 3
447 830 3
494 180 3
120 143 3
830 447 3
830 447 3
710 355 3
707 939 3
707 833 3
198 857 3
103 96 3
296 336 3
103 637 3
538 839 3
968 556 3
123 712 3
67 322 3
123 616 3
94 711 3
830 980 3
94 707 3
703 977 3
703 970 3
188 35 3
94 62 3
968 548 3
123 711 3
548 968 3
685 620 3
834 491 3
198 977 3
67 968 3
703 942 3
94 712 3
188 143 3
497 822 3
94 937 3
497 203 3
968 548 3
685 923 3
968 67 3
628 712 3
643 377 3
497 494 3
682 8 3
685 497 3
459 933 3
94 344 3
497 685 3
67 968 3
345 653 3
345 976 3
685 497 3
685 620 3
94 711 3
497 193 3
497 685 3
916 102 3
198 354 3
198 354 3
198 459 3
568 447 3
391 474 3
40 814 3
446 399 3
568 198 3
307 560 3
661 624 3
175 814 3
822 192 3
822 949 3
545 830 3
198 568 3
686 96 3
545 822 3
282 40 3
822 497 3
94 637 3
822 545 3
102 968 3
568 198 3
822 914 3
685 497 3
497 685 3
102 794 3
545 822 3
685 497 3
198 568 3
968 102 3
960 41 3
643 976 3
968 960 3
102 968 3
822 545 3
497 685 3
102 707 3
568 198 3
545 459 3
102 974 3
497 822 3
545 822 3
102 586 3
497 822 3
624 661 3
643 942 3
175 974 3
685 497 3
497 880 3
71 682 3
474 391 3
822 497 3
198 568 3
822 545 3
822 497 3
198 497 3
568 198 3
942 643 3
685 497 3
604 703 3
604 271 3
497 685 3
846 139 3
980 830 3
912 883 3
912 949 3
249 52 3
40 282 3
192 912 3
40 912 3
40 974 3
40 175 3
980 816 3
253 276 3
102 972 3
472 686 3
102 840 3
497 822 3
497 822 3
972 102 3
102 972 3
8 682 3
972 102 3
293 102 3
535 781 3
535 939 3
102 972 3
595 399 3
301 192 3
972 102 3
83 436 3
595 102 3
968 102 3
8 281 3
8 977 3
8 976 3
560 556 3
560 447 3
444 295 3
293 102 3
203 497 3
880 497 3
198 444 3
102 972 3
560 447 3
711 447 3
444 198 3
497 880 3
972 102 3
711 94 3
560 307 3
102 972 3
968 102 3
968 102 3
249 52 3
102 444 3
249 357 3
249 852 3
198 444 3
659 776 3
203 497 3
974 175 3
696 965 3
198 444 3
696 724 3
883 912 3
938 637 3
941 348 3
453 447 3
974 175 3
102 657 3
108 399 3
833 707 3
453 180 3
175 974 3
108 281 3
941 453 3
175 977 3
40 974 3
453 466 3
685 162 3
108 399 3
941 453 3
941 453 3
43 833 3
941 453 3
203 497 3
685 620 3
941 453 3
560 556 3
188 711 3
685 73 3
371 395 3
453 371 3
740 757 3
371 968 3
820 474 3
453 371 3
968 371 3
474 820 3
141 143 3
282 40 3
820 474 3
371 968 3
203 497 3
72 73 3
474 141 3
453 371 3
474 820 3
94 711 3
11 174 3
43 188 3
968 282 3
72 772 3
968 371 3
11 598 3
371 968 3
453 371 3
769 767 3
974 198 3
968 371 3
657 102 3
974 102 3
11 72 3
11 598 3
974 175 3
820 474 3
371 968 3
175 974 3
371 968 3
974 589 3
769 453 3
963 589 3
102 657 3
968 371 3
371 968 3
589 974 3
72 616 3
371 968 3
72 73 3
2 371 3
589 963 3
249 598 3
968 371 3
825 924 3
391 474 3
808 447 3
883 657 3
974 589 3
150 981 3
241 296 3
598 249 3
11 598 3
345 653 3
11 72 3
241 912 3
11 526 3
241 62 3
11 526 3
241 388 3
11 710 3
11 710 3
94 982 3
11 816 3
424 764 3
296 241 3
2 371 3
11 710 3
685 371 3
808 597 3
387 512 3
685 371 3
102 982 3
542 399 3
11 598 3
11 983 3
512 387 3
982 94 3
765 40 3
982 102 3
685 371 3
387 512 3
765 399 3
765 282 3
102 982 3
512 387 3
11 710 3
387 512 3
955 182 3
474 391 3
512 387 3
808 249 3
11 710 3
11 710 3
765 637 3
982 102 3
102 816 3
808 249 3
11 710 3
11 281 3
11 710 3
11 765 3
11 710 3
26 651 3
808 249 3
94 982 3
262 761 3
108 399 3
638 399 3
808 820 3
11 712 3
11 712 3
982 94 3
11 710 3
761 262 3
808 249 3
108 718 3
296 371 3
638 589 3
808 820 3
761 561 3
249 108 3
371 296 3
211 589 3
296 371 3
391 474 3
761 512 3
371 296 3
11 710 3
512 761 3
296 512 3
211 554 3
296 371 3
615 961 3
512 296 3
387 438 3
799 615 3
447 830 3
296 512 3
180 494 3
982 984 3
211 387 3
447 568 3
262 761 3
180 453 3
512 296 3
974 295 3
982 984 3
447 711 3
203 180 3
180 782 3
447 453 3
914 822 3
11 710 3
40 816 3
512 387 3
984 982 3
203 180 3
387 512 3
11 710 3
782 180 3
296 62 3
262 761 3
512 387 3
94 982 3
985 834 3
371 296 3
834 985 3
447 986 3
11 710 3
387 211 3
337 453 3
249 512 3
337 347 3
337 347 3
180 782 3
337 474 3
337 96 3
447 391 3
310 399 3
512 249 3
262 512 3
371 987 3
987 371 3
447 834 3
447 816 3
211 387 3
925 556 3
391 447 3
447 814 3
680 512 3
834 447 3
680 986 3
447 512 3
371 765 3
447 391 3
94 310 3
447 834 3
512 447 3
500 767 3
11 968 3
296 371 3
680 512 3
447 512 3
985 680 3
500 497 3
626 761 3
512 447 3
391 814 3
834 447 3
391 447 3
371 512 3
371 987 3
296 447 3
447 512 3
512 371 3
626 387 3
371 296 3
447 834 3
447 391 3
387 626 3
512 447 3
387 626 3
387 626 3
626 387 3
500 235 3
11 968 3
447 296 3
626 761 3
387 626 3
296 447 3
447 512 3
180 782 3
447 296 3
296 371 3
371 512 3
371 296 3
512 371 3
296 371 3
371 987 3
371 512 3
554 512 3
680 387 3
180 765 3
680 387 3
262 988 3
203 180 3
589 638 3
589 211 3
211 554 3
680 987 3
211 589 3
180 512 3
680 387 3
180 203 3
680 561 3
680 561 3
180 968 3
262 842 3
985 618 3
371 768 3
938 976 3
582 556 3
985 589 3
782 180 3
985 938 3
680 589 3
982 984 3
589 680 3
11 680 3
968 180 3
680 589 3
984 982 3
985 589 3
541 839 3
985 541 3
985 983 3
512 371 3
985 541 3
512 554 3
11 680 3
839 541 3
180 782 3
180 968 3
938 363 3
554 512 3
554 839 3
713 839 3
512 554 3
11 968 3
180 839 3
541 839 3
839 554 3
985 262 3
839 713 3
938 456 3
11 512 3
512 262 3
968 180 3
180 968 3
371 512 3
235 500 3
235 500 3
545 822 3
235 500 3
554 512 3
512 371 3
713 839 3
512 554 3
968 180 3
262 512 3
554 839 3
190 814 3
554 885 3
682 71 3
62 296 3
62 241 3
62 94 3
387 512 3
62 989 3
814 190 3
190 873 3
71 682 3
190 814 3
203 180 3
190 500 3
180 968 3
782 180 3
102 839 3
638 554 3
531 363 3
102 150 3
839 102 3
102 839 3
102 982 3
984 982 3
180 193 3
538 984 3
307 768 3
538 984 3
307 271 3
307 310 3
979 839 3
438 130 3
984 975 3
438 211 3
102 438 3
503 541 3
541 503 3
545 765 3
503 399 3
102 503 3
503 102 3
102 782 3
102 503 3
41 542 3
102 987 3
41 963 3
963 41 3
933 459 3
535 335 3
764 593 3
2 371 3
282 839 3
104 60 3
341 968 3
341 970 3
341 970 3
990 985 3
401 399 3
808 102 3
808 481 3
839 351 3
796 453 3
839 316 3
399 108 3
172 67 3
341 839 3
796 388 3
542 41 3
837 839 3
341 543 3
40 839 3
198 974 3
66 280 3
150 102 3
951 724 3
175 839 3
653 585 3
585 653 3
497 500 3
653 585 3
653 585 3
653 345 3
497 868 3
585 653 3
585 653 3
271 307 3
653 345 3
271 604 3
271 508 3
40 175 3
850 600 3
175 40 3
175 40 3
850 851 3
428 949 3
203 948 3
428 776 3
609 40 3
421 388 3
211 288 3
72 990 3
211 438 3
296 62 3
965 696 3
965 336 3
985 990 3
696 965 3
965 696 3
696 965 3
816 447 3
985 72 3
696 474 3
965 696 3
985 447 3
447 816 3
985 49 3
985 990 3
985 990 3
985 990 3
985 990 3
985 990 3
985 990 3
985 990 3
816 447 3
985 447 3
985 417 3
447 816 3
800 41 3
985 447 3
800 312 3
41 542 3
985 447 3
447 401 3
438 211 3
424 764 3
585 625 3
985 447 3
67 172 3
41 816 3
635 561 3
585 512 3
985 447 3
696 965 3
985 41 3
635 438 3
494 497 3
985 481 3
585 401 3
494 180 3
62 296 3
62 548 3
625 585 3
585 625 3
625 585 3
211 438 3
401 585 3
585 193 3
401 447 3
585 782 3
711 188 3
839 175 3
985 447 3
711 94 3
985 481 3
94 62 3
113 399 3
512 585 3
188 711 3
970 150 3
711 447 3
970 447 3
970 703 3
94 711 3
188 711 3
113 18 3
764 424 3
800 767 3
26 651 3
447 401 3
447 711 3
447 970 3
188 711 3
970 447 3
198 839 3
26 651 3
447 970 3
833 770 3
770 987 3
285 399 3
35 939 3
770 968 3
585 512 3
188 711 3
35 188 3
914 653 3
597 793 3
430 401 3
914 840 3
816 41 3
447 839 3
430 625 3
770 782 3
989 62 3
985 770 3
985 651 3
851 354 3
336 296 3
430 696 3
326 296 3
985 47 3
985 651 3
336 839 3
430 696 3
317 131 3
430 625 3
453 180 3
399 310 3
453 447 3
453 337 3
430 696 3
399 503 3
782 102 3
175 839 3
211 645 3
399 401 3
782 585 3
430 974 3
211 262 3
430 696 3
782 770 3
5 832 3
211 5 3
26 651 3
941 453 3
211 5 3
541 597 3
541 597 3
782 585 3
26 651 3
211 5 3
211 5 3
541 459 3
597 541 3
597 541 3
248 712 3
248 778 3
761 626 3
69 399 3
341 970 3
512 585 3
597 651 3
597 18 3
770 782 3
512 651 3
8 26 3
8 834 3
491 834 3
678 403 3
512 653 3
651 512 3
556 968 3
491 816 3
651 597 3
211 703 3
948 62 3
211 412 3
597 651 3
830 447 3
497 494 3
651 597 3
653 512 3
651 512 3
497 193 3
497 984 3
948 678 3
948 678 3
497 494 3
948 259 3
424 764 3
678 948 3
784 785 3
984 497 3
814 190 3
784 782 3
43 248 3
678 961 3
784 512 3
868 497 3
851 41 3
203 948 3
839 447 3
839 175 3
653 914 3
700 59 3
839 336 3
938 974 3
503 399 3
447 453 3
447 830 3
447 839 3
363 938 3
497 868 3
814 363 3
591 399 3
497 830 3
2 371 3
830 497 3
336 839 3
175 839 3
659 658 3
816 491 3
491 816 3
497 830 3
990 72 3
585 782 3
585 782 3
447 816 3
503 336 3
585 782 3
585 512 3
800 120 3
336 503 3
589 345 3
949 822 3
830 497 3
949 912 3
949 428 3
221 119 3
589 512 3
712 371 3
712 614 3
589 401 3
806 804 3
707 102 3
203 776 3
388 829 3
712 761 3
707 833 3
430 696 3
388 497 3
388 40 3
203 948 3
712 320 3
438 635 3
388 651 3
130 814 3
764 424 3
388 241 3
438 211 3
388 796 3
712 102 3
203 948 3
388 421 3
829 388 3
712 102 3
970 447 3
712 324 3
970 341 3
712 628 3
388 829 3
633 987 3
388 651 3
965 696 3
651 388 3
925 72 3
696 965 3
767 500 3
829 388 3
371 712 3
965 696 3
767 800 3
295 193 3
295 444 3
900 914 3
696 965 3
900 481 3
900 703 3
900 40 3
965 696 3
459 541 3
459 933 3
678 262 3
401 589 3
503 336 3
262 678 3
872 710 3
401 399 3
474 696 3
503 130 3
430 696 3
430 401 3
336 503 3
503 336 3
430 401 3
40 900 3
965 71 3
830 494 3
336 503 3
816 491 3
816 447 3
430 401 3
699 399 3
900 40 3
430 401 3
371 830 3
371 830 3
678 262 3
680 991 3
71 965 3
804 806 3
71 678 3
816 324 3
992 993 3
870 814 3
324 816 3
324 712 3
262 678 3
833 707 3
992 993 3
782 585 3
941 453 3
993 992 3
481 900 3
614 712 3
262 991 3
685 162 3
685 620 3
685 447 3
685 872 3
462 468 3
462 686 3
211 298 3
462 399 3
462 193 3
830 371 3
102 214 3
618 653 3
618 653 3
782 784 3
618 653 3
592 767 3
592 620 3
31 990 3
974 938 3
363 814 3
508 271 3
363 531 3
508 363 3
814 992 3
678 71 3
130 503 3
678 262 3
378 340 3
678 447 3
378 72 3
994 378 3
767 592 3
994 378 3
686 462 3
994 378 3
932 782 3
994 378 3
8 55 3
782 932 3
994 378 3
62 989 3
932 782 3
461 102 3
378 31 3
8 26 3
8 712 3
994 378 3
8 710 3
461 25 3
994 378 3
994 378 3
782 932 3
461 712 3
461 273 3
678 473 3
211 438 3
932 782 3
994 378 3
387 345 3
345 589 3
345 387 3
782 932 3
589 345 3
271 508 3
776 203 3
40 900 3
11 100 3
11 100 3
989 62 3
932 782 3
839 447 3
839 336 3
62 989 3
839 175 3
62 94 3
62 94 3
995 276 3
62 948 3
62 126 3
996 141 3
782 932 3
243 447 3
345 589 3
995 62 3
989 62 3
508 271 3
62 989 3
995 62 3
541 459 3
508 453 3
512 651 3
512 784 3
765 371 3
512 585 3
765 180 3
512 589 3
964 927 3
82 839 3
508 363 3
989 62 3
927 964 3
995 68 3
602 813 3
985 651 3
512 949 3
765 371 3
964 927 3
995 96 3
927 964 3
243 141 3
455 393 3
11 765 3
62 989 3
243 585 3
995 62 3
989 62 3
62 995 3
707 833 3
62 989 3
995 26 3
997 989 3
616 727 3
998 296 3
725 41 3
616 72 3
998 880 3
616 72 3
344 102 3
344 345 3
102 461 3
344 94 3
102 344 3
344 102 3
616 703 3
72 990 3
616 733 3
102 344 3
344 102 3
616 102 3
96 686 3
72 925 3
686 585 3
399 69 3
997 712 3
589 512 3
72 378 3
66 999 3
72 616 3
72 616 3
72 378 3
26 995 3
711 94 3
914 653 3
932 782 3
949 512 3
932 839 3
67 782 3
296 336 3
296 62 3
483 912 3
296 326 3
296 998 3
995 26 3
321 651 3
67 937 3
834 491 3
937 67 3
67 937 3
937 67 3
937 66 3
67 937 3
685 5 3
142 5 3
142 200 3
142 102 3
685 666 3
142 541 3
345 344 3
175 839 3
937 67 3
142 680 3
345 839 3
937 324 3
447 839 3
447 243 3
67 937 3
937 67 3
66 937 3
782 67 3
782 932 3
67 782 3
782 67 3
322 833 3
322 641 3
322 67 3
67 782 3
402 616 3
961 678 3
313 371 3
678 961 3
782 67 3
313 478 3
67 782 3
102 637 3
313 102 3
322 67 3
162 685 3
322 67 3
782 67 3
67 782 3
769 937 3
378 72 3
378 72 3
395 678 3
251 512 3
322 67 3
459 541 3
188 711 3
483 769 3
102 459 3
822 949 3
188 711 3
322 752 3
985 72 3
784 512 3
295 515 3
990 31 3
985 618 3
990 31 3
322 752 3
483 769 3
188 711 3
990 72 3
990 985 3
990 985 3
990 991 3
822 914 3
686 96 3
949 822 3
461 102 3
322 990 3
990 193 3
932 782 3
990 72 3
822 497 3
985 72 3
483 769 3
985 102 3
72 990 3
102 150 3
990 285 3
990 72 3
31 990 3
31 937 3
937 31 3
102 707 3
307 519 3
666 685 3
175 1000 3
102 782 3
711 188 3
31 937 3
985 102 3
985 618 3
937 31 3
62 296 3
985 551 3
678 395 3
985 551 3
69 399 3
31 937 3
142 680 3
142 680 3
937 31 3
985 551 3
31 937 3
483 769 3
296 949 3
1001 31 3
1001 31 3
937 31 3
1001 31 3
718 108 3
483 296 3
26 793 3
296 483 3
987 680 3
1001 31 3
483 296 3
580 778 3
536 941 3
57 810 3
977 585 3
977 40 3
977 175 3
977 973 3
500 190 3
1001 31 3
290 41 3
290 519 3
977 978 3
500 767 3
977 703 3
977 198 3
616 72 3
616 72 3
102 977 3
782 67 3
782 932 3
782 102 3
72 378 3
616 402 3
72 990 3
616 733 3
503 130 3
925 72 3
616 507 3
72 616 3
72 616 3
72 925 3
494 497 3
651 512 3
616 72 3
296 483 3
494 497 3
40 937 3
494 830 3
987 371 3
987 102 3
494 830 3
987 770 3
987 633 3
616 72 3
102 987 3
483 296 3
937 40 3
259 173 3
616 461 3
259 949 3
544 991 3
259 949 3
296 483 3
259 948 3
8 26 3
949 296 3
192 232 3
285 990 3
813 296 3
497 822 3
497 388 3
322 990 3
322 833 3
999 1002 3
378 72 3
102 937 3
482 781 3
585 512 3
680 987 3
968 556 3
585 243 3
322 644 3
482 767 3
585 686 3
585 977 3
188 711 3
808 102 3
482 192 3
324 937 3
686 585 3
296 949 3
585 686 3
296 813 3
556 968 3
497 494 3
483 769 3
680 387 3
657 883 3
481 296 3
296 481 3
757 740 3
481 296 3
296 481 3
481 296 3
949 296 3
296 481 3
949 259 3
482 192 3
296 949 3
556 925 3
395 678 3
968 556 3
481 296 3
481 296 3
67 782 3
66 937 3
757 680 3
296 481 3
43 248 3
680 757 3
541 459 3
307 1003 3
526 331 3
307 331 3
331 526 3
66 927 3
371 830 3
331 307 3
1000 175 3
482 192 3
192 707 3
757 680 3
31 1004 3
914 822 3
481 296 3
307 331 3
556 968 3
192 482 3
1004 31 3
371 987 3
1003 307 3
322 556 3
482 192 3
192 482 3
825 924 3
482 192 3
175 1000 3
914 900 3
703 977 3
968 556 3
707 102 3
512 585 3
322 1005 3
324 378 3
707 192 3
1000 175 3
963 846 3
813 296 3
963 846 3
594 175 3
175 1000 3
322 1006 3
175 594 3
995 322 3
594 175 3
243 447 3
685 162 3
175 594 3
1004 877 3
483 769 3
685 666 3
211 963 3
594 175 3
371 1004 3
296 481 3
211 1003 3
556 968 3
560 556 3
1004 371 3
175 594 3
519 307 3
1003 211 3
296 813 3
594 175 3
594 371 3
883 657 3
519 290 3
175 594 3
987 102 3
560 280 3
987 680 3
594 175 3
550 370 3
987 371 3
1003 814 3
316 839 3
322 556 3
316 310 3
550 370 3
949 296 3
968 556 3
141 474 3
296 949 3
371 765 3
243 585 3
371 765 3
371 1004 3
72 616 3
1007 1003 3
949 296 3
595 102 3
585 512 3
371 594 3
483 769 3
296 949 3
307 519 3
371 765 3
72 378 3
585 243 3
769 483 3
130 296 3
868 497 3
141 996 3
175 594 3
594 371 3
211 1003 3
296 130 3
949 296 3
594 175 3
72 378 3
459 541 3
1003 211 3
130 296 3
388 651 3
813 296 3
459 933 3
322 995 3
914 535 3
459 607 3
535 914 3
497 868 3
462 686 3
322 556 3
483 769 3
211 438 3
594 175 3
73 685 3
203 998 3
203 455 3
211 1003 3
211 1003 3
651 459 3
1003 211 3
830 1003 3
914 535 3
388 829 3
388 651 3
1003 830 3
710 872 3
371 594 3
782 67 3
371 594 3
560 556 3
462 1008 3
387 680 3
388 829 3
948 259 3
680 387 3
316 407 3
817 356 3
462 338 3
8 710 3
371 817 3
965 71 3
680 757 3
371 830 3
371 830 3
462 747 3
296 949 3
462 1009 3
296 130 3
141 243 3
462 1009 3
296 813 3
428 949 3
316 1010 3
462 292 3
1003 597 3
1003 1011 3
757 680 3
141 72 3
62 72 3
40 937 3
130 296 3
316 393 3
72 141 3
71 965 3
1003 462 3
296 130 3
535 914 3
301 999 3
765 371 3
72 62 3
850 678 3
468 462 3
765 371 3
560 556 3
949 296 3
765 371 3
175 594 3
870 370 3
468 597 3
62 72 3
644 322 3
296 949 3
130 296 3
130 296 3
820 474 3
999 301 3
40 594 3
371 765 3
949 428 3
296 130 3
371 765 3
620 592 3
870 428 3
932 782 3
130 296 3
428 949 3
914 535 3
941 453 3
296 130 3
322 644 3
595 1003 3
66 62 3
322 833 3
130 296 3
313 371 3
322 556 3
1003 595 3
130 296 3
130 1007 3
620 829 3
315 354 3
977 585 3
535 914 3
296 130 3
556 707 3
678 395 3
949 296 3
651 927 3
949 428 3
371 313 3
814 1003 3
767 500 3
130 296 3
595 72 3
296 949 3
809 348 3
595 1003 3
406 764 3
296 130 3
131 317 3
829 620 3
1003 595 3
757 833 3
313 130 3
406 371 3
127 933 3
67 782 3
130 296 3
776 991 3
829 388 3
595 988 3
833 322 3
296 130 3
833 757 3
313 965 3
556 322 3
948 968 3
313 130 3
130 296 3
595 1003 3
992 814 3
203 497 3
322 556 3
313 399 3
1003 595 3
203 948 3
66 62 3
782 932 3
478 712 3
641 322 3
782 67 3
322 833 3
478 641 3
397 1012 3
447 243 3
322 641 3
313 965 3
685 73 3
839 345 3
839 447 3
839 316 3
641 478 3
604 271 3
417 999 3
641 322 3
313 478 3
767 482 3
371 406 3
371 406 3
322 641 3
313 130 3
965 313 3
67 782 3
589 839 3
417 579 3
560 556 3
313 478 3
406 377 3
322 641 3
757 833 3
406 371 3
589 834 3
313 965 3
322 833 3
371 594 3
371 406 3
833 757 3
556 322 3
130 313 3
302 297 3
566 712 3
834 589 3
406 371 3
478 313 3
72 62 3
313 371 3
680 757 3
566 46 3
639 641 3
66 62 3
850 678 3
322 833 3
313 478 3
72 595 3
5 685 3
560 556 3
813 296 3
313 130 3
322 641 3
713 927 3
72 595 3
322 556 3
850 678 3
62 72 3
830 371 3
830 1003 3
900 40 3
377 406 3
377 643 3
589 834 3
757 680 3
680 757 3
757 833 3
211 554 3
757 680 3
1003 830 3
900 914 3
560 556 3
641 639 3
643 377 3
830 1003 3
680 757 3
417 965 3
232 192 3
313 478 3
833 757 3
651 264 3
566 822 3
322 833 3
313 130 3
377 643 3
566 822 3
322 641 3
566 822 3
566 822 3
1003 830 3
686 585 3
686 462 3
296 813 3
830 1003 3
651 953 3
556 322 3
651 323 3
1003 830 3
192 232 3
1003 830 3
587 952 3
322 556 3
8 7 3
830 1003 3
556 560 3
651 214 3
336 839 3
1003 830 3
336 296 3
616 461 3
628 712 3
296 336 3
830 1003 3
651 189 3
1013 0 3
322 833 3
262 641 3
1003 830 3
322 641 3
8 7 3
8 787 3
651 760 3
1003 686 3
8 710 3
641 262 3
322 556 3
40 900 3
336 296 3
651 34 3
616 72 3
143 120 3
757 833 3
651 1014 3
757 680 3
262 390 3
651 1015 3
306 316 3
143 188 3
680 757 3
651 114 3
296 336 3
296 336 3
399 395 3
399 972 3
322 641 3
143 141 3
336 296 3
839 589 3
417 710 3
478 26 3
399 446 3
390 262 3
296 336 3
769 483 3
26 478 3
143 514 3
8 7 3
8 710 3
143 1016 3
143 1003 3
262 390 3
720 780 3
143 1017 3
1018 438 3
666 685 3
715 428 3
602 813 3
715 428 3
870 720 3
322 641 3
997 782 3
1018 438 3
1018 438 3
322 833 3
1018 587 3
322 556 3
143 1003 3
1018 587 3
757 680 3
143 1016 3
666 839 3
1003 143 3
72 62 3
322 641 3
1018 675 3
666 390 3
322 641 3
1016 143 3
142 680 3
8 317 3
1013 1019 3
720 781 3
322 642 3
720 776 3
142 5 3
782 997 3
782 67 3
1018 401 3
8 211 3
478 26 3
715 839 3
870 720 3
322 399 3
562 238 3
602 374 3
8 710 3
8 7 3
870 764 3
927 713 3
1003 193 3
839 666 3
322 641 3
26 478 3
143 1003 3
562 96 3
839 715 3
67 782 3
248 43 3
175 1020 3
478 26 3
322 372 3
927 651 3
143 1021 3
26 478 3
211 438 3
211 438 3
715 839 3
833 143 3
72 616 3
554 1018 3
1018 554 3
585 686 3
143 833 3
870 390 3
338 462 3
770 987 3
447 839 3
941 453 3
322 641 3
491 834 3
94 62 3
1003 436 3
987 770 3
180 494 3
480 991 3
180 453 3
143 478 3
180 765 3
678 309 3
478 143 3
322 372 3
94 711 3
143 1022 3
180 764 3
991 480 3
786 719 3
500 767 3
188 143 3
713 927 3
770 987 3
143 478 3
203 417 3
203 297 3
104 598 3
372 1022 3
1017 560 3
417 1023 3
1017 52 3
1017 52 3
834 491 3
143 995 3
538 764 3
987 770 3
102 987 3
441 634 3
102 797 3
482 767 3
102 143 3
997 782 3
143 102 3
782 67 3
782 997 3
547 912 3
67 782 3
782 67 3
873 497 3
873 253 3
102 974 3
143 974 3
598 104 3
685 5 3
102 818 3
67 782 3
541 459 3
541 503 3
685 666 3
541 597 3
1002 999 3
782 67 3
480 991 3
211 210 3
480 26 3
481 1004 3
686 1003 3
1003 686 3
26 480 3
927 713 3
641 1023 3
880 998 3
67 782 3
932 782 3
522 548 3
968 948 3
173 259 3
251 782 3
1004 481 3
711 94 3
251 390 3
480 26 3
1022 372 3
251 830 3
782 67 3
782 932 3
480 987 3
782 251 3
251 782 3
211 338 3
793 26 3
67 782 3
251 764 3
968 770 3
480 782 3
480 560 3
251 296 3
324 317 3
782 251 3
782 67 3
67 782 3
782 480 3
480 782 3
203 497 3
974 538 3
173 259 3
387 1018 3
387 1018 3
782 67 3
387 1018 3
387 1018 3
782 480 3
974 480 3
480 782 3
203 497 3
794 1024 3
251 782 3
67 782 3
782 480 3
480 814 3
974 480 3
782 251 3
480 782 3
782 67 3
480 974 3
67 782 3
251 782 3
974 480 3
480 974 3
782 480 3
782 67 3
782 251 3
41 725 3
424 764 3
41 162 3
703 1025 3
1024 794 3
497 830 3
67 782 3
251 782 3
782 67 3
67 782 3
503 541 3
782 251 3
251 686 3
251 782 3
67 390 3
782 67 3
67 782 3
782 1024 3
337 453 3
932 782 3
997 782 3
782 67 3
782 932 3
682 47 3
67 782 3
782 997 3
782 67 3
67 782 3
997 782 3
932 782 3
932 764 3
83 764 3
83 390 3
83 999 3
83 637 3
83 638 3
249 512 3
978 977 3
104 598 3
104 1020 3
104 1026 3
833 143 3
243 585 3
243 447 3
243 141 3
948 968 3
963 211 3
25 1013 3
25 461 3
850 678 3
850 1013 3
243 141 3
850 301 3
776 720 3
461 25 3
637 104 3
637 102 3
965 317 3
25 461 3
341 637 3
637 1000 3
637 938 3
307 1025 3
637 995 3
637 341 3
341 637 3
637 341 3
0 1013 3
996 141 3
508 453 3
338 211 3
211 438 3
965 616 3
508 139 3
508 235 3
508 235 3
508 259 3
508 363 3
538 974 3
508 363 3
990 285 3
208 582 3
446 399 3
390 262 3
390 666 3
390 251 3
390 67 3
390 83 3
998 296 3
508 512 3
508 706 3
430 974 3
430 616 3
776 1020 3
26 480 3
26 793 3
296 251 3
259 949 3
296 998 3
616 680 3
833 757 3
616 102 3
259 948 3
925 72 3
999 417 3
999 83 3
259 173 3
999 7 3
259 508 3
1027 259 3
616 965 3
925 556 3
461 991 3
770 968 3
778 580 3
102 637 3
778 248 3
430 616 3
7 999 3
925 991 3
453 941 3
991 925 3
453 337 3
453 180 3
991 453 3
999 7 3
870 1025 3
453 991 3
991 453 3
616 73 3
678 816 3
675 1018 3
616 703 3
865 202 3
1013 25 3
770 991 3
616 430 3
816 678 3
142 200 3
142 965 3
430 616 3
616 430 3
313 227 3
1013 131 3
162 41 3
313 991 3
870 987 3
62 72 3
62 94 3
512 249 3
203 497 3
760 651 3
598 997 3
25 1013 3
401 1018 3
678 816 3
438 1018 3
589 586 3
438 211 3
558 96 3
591 1013 3
965 616 3
131 1013 3
1013 131 3
41 162 3
591 73 3
162 41 3
131 1013 3
407 253 3
424 764 3
436 1003 3
280 560 3
26 41 3
41 324 3
253 873 3
0 1013 3
253 407 3
251 296 3
799 739 3
459 541 3
994 317 3
594 371 3
594 40 3
594 371 3
1013 0 3
1013 131 3
1013 591 3
594 623 3
66 280 3
399 865 3
399 600 3
29 161 3
67 390 3
494 497 3
399 797 3
494 180 3
764 870 3
399 542 3
764 180 3
764 251 3
764 424 3
67 782 3
399 285 3
764 932 3
764 83 3
764 424 3
494 497 3
251 764 3
399 503 3
550 991 3
399 591 3
678 29 3
782 67 3
399 401 3
585 1028 3
764 251 3
678 403 3
399 462 3
67 782 3
399 427 3
666 685 3
666 839 3
666 390 3
203 41 3
997 598 3
870 764 3
399 427 3
914 900 3
666 203 3
782 67 3
203 666 3
399 313 3
666 388 3
203 776 3
67 782 3
251 764 3
336 296 3
399 322 3
696 644 3
497 494 3
497 494 3
598 997 3
597 541 3
399 172 3
399 172 3
666 203 3
462 1003 3
397 312 3
462 468 3
462 686 3
72 62 3
965 696 3
462 399 3
35 769 3
494 497 3
462 338 3
371 594 3
1029 619 3
126 62 3
1029 619 3
467 276 3
713 927 3
249 203 3
494 497 3
872 143 3
997 598 3
211 387 3
211 589 3
467 474 3
211 438 3
696 965 3
621 591 3
621 637 3
249 7 3
203 666 3
598 997 3
249 501 3
474 467 3
764 870 3
541 459 3
142 162 3
249 474 3
948 259 3
7 999 3
685 666 3
7 249 3
249 942 3
241 388 3
594 371 3
594 371 3
638 508 3
638 83 3
638 589 3
638 387 3
587 1018 3
587 249 3
474 249 3
925 991 3
587 249 3
249 474 3
385 421 3
474 249 3
249 474 3
307 625 3
249 7 3
554 991 3
307 1003 3
474 249 3
249 474 3
7 249 3
991 367 3
307 59 3
307 372 3
453 991 3
307 372 3
991 453 3
372 307 3
307 372 3
367 991 3
56 595 3
678 316 3
453 991 3
59 307 3
59 307 3
372 307 3
991 367 3
625 307 3
991 372 3
160 29 3
372 991 3
59 678 3
372 307 3
387 638 3
59 678 3
991 372 3
59 678 3
387 211 3
66 62 3
1003 638 3
372 991 3
367 991 3
307 782 3
991 372 3
307 372 3
467 474 3
307 372 3
638 387 3
307 625 3
307 59 3
991 367 3
991 554 3
417 999 3
372 991 3
372 307 3
372 307 3
638 1003 3
59 307 3
1018 387 3
387 638 3
625 307 3
387 1018 3
173 259 3
941 653 3
47 682 3
582 208 3
560 280 3
173 259 3
932 764 3
938 637 3
870 764 3
367 991 3
1003 638 3
678 59 3
338 462 3
985 651 3
1030 830 3
985 47 3
985 417 3
985 47 3
1030 706 3
1030 706 3
985 47 3
113 399 3
47 985 3
985 47 3
678 71 3
508 259 3
1027 1031 3
47 985 3
96 558 3
474 249 3
71 678 3
700 59 3
589 1032 3
227 814 3
1032 589 3
678 71 3
769 816 3
700 87 3
999 7 3
447 243 3
769 814 3
769 700 3
150 970 3
678 464 3
764 932 3
764 870 3
1003 462 3
249 474 3
764 424 3
870 764 3
764 870 3
192 313 3
870 764 3
310 316 3
764 870 3
870 764 3
830 1030 3
192 685 3
249 560 3
560 249 3
643 377 3
71 678 3
602 374 3
870 764 3
249 560 3
592 767 3
59 678 3
337 453 3
782 307 3
932 764 3
769 60 3
700 59 3
295 999 3
295 927 3
295 927 3
123 113 3
280 66 3
280 560 3
295 973 3
295 974 3
175 1025 3
497 494 3
757 833 3
497 494 3
519 307 3
497 494 3
367 965 3
438 211 3
66 280 3
686 462 3
66 131 3
313 371 3
497 448 3
480 782 3
480 26 3
390 67 3
313 371 3
497 814 3
390 666 3
497 203 3
390 554 3
390 371 3
390 608 3
390 324 3
390 288 3
390 399 3
633 987 3
666 203 3
814 497 3
666 685 3
324 41 3
995 143 3
324 390 3
995 637 3
937 66 3
937 102 3
59 700 3
937 40 3
31 1033 3
999 295 3
377 643 3
324 1032 3
700 59 3
740 757 3
243 447 3
807 243 3
248 710 3
203 497 3
203 666 3
203 249 3
999 494 3
421 385 3
399 462 3
399 113 3
100 1001 3
241 822 3
995 814 3
769 100 3
399 390 3
769 782 3
66 937 3
1001 100 3
769 974 3
249 203 3
11 390 3
66 131 3
11 765 3
427 399 3
11 526 3
769 927 3
927 295 3
1003 1031 3
560 249 3
937 1034 3
249 560 3
927 713 3
11 996 3
937 66 3
560 280 3
999 782 3
999 700 3
1033 1035 3
447 243 3
1033 1035 3
616 11 3
767 592 3
999 1034 3
7 999 3
1034 999 3
724 951 3
66 937 3
453 337 3
270 276 3
724 696 3
43 769 3
767 482 3
1003 1007 3
608 390 3
1003 68 3
624 661 3
624 661 3
624 661 3
624 661 3
624 661 3
624 661 3
1036 378 3
285 990 3
782 1003 3
1003 782 3
595 72 3
782 1003 3
285 399 3
1003 782 3
595 72 3
782 1003 3
1003 782 3
938 974 3
595 56 3
620 54 3
1021 143 3
643 377 3
724 706 3
1007 1031 3
1021 814 3
957 703 3
424 764 3
703 957 3
703 957 3
1032 324 3
616 965 3
814 1021 3
377 643 3
616 965 3
296 251 3
1032 541 3
296 336 3
814 995 3
87 700 3
1032 547 3
306 776 3
616 680 3
713 814 3
974 938 3
846 867 3
680 616 3
597 541 3
333 1001 3
1030 830 3
833 757 3
974 175 3
974 40 3
333 814 3
974 143 3
776 306 3
276 467 3
776 203 3
776 404 3
371 594 3
371 313 3
371 313 3
371 390 3
494 497 3
494 497 3
494 497 3
175 974 3
965 367 3
494 999 3
446 1036 3
757 833 3
757 740 3
72 595 3
644 696 3
367 965 3
711 1036 3
833 757 3
996 11 3
175 974 3
175 296 3
175 249 3
175 927 3
175 814 3
175 276 3
175 597 3
814 175 3
938 974 3
757 637 3
276 175 3
175 814 3
175 276 3
996 11 3
814 282 3
276 175 3
251 296 3
175 276 3
459 541 3
276 175 3
276 282 3
999 1034 3
175 276 3
999 494 3
974 175 3
999 7 3
175 974 3
203 776 3
1003 276 3
276 175 3
175 276 3
769 276 3
276 1003 3
276 175 3
1032 822 3
995 62 3
175 276 3
995 814 3
276 175 3
62 126 3
175 276 3
102 276 3
62 72 3
700 87 3
1003 276 3
999 711 3
203 724 3
62 331 3
276 175 3
276 1003 3
331 62 3
995 814 3
830 1030 3
175 276 3
66 62 3
776 203 3
296 175 3
175 296 3
1003 276 3
700 999 3
296 282 3
296 175 3
40 974 3
40 937 3
40 594 3
455 203 3
497 203 3
497 814 3
497 494 3
497 494 3
497 494 3
814 497 3
390 324 3
390 399 3
497 814 3
390 11 3
700 1005 3
26 480 3
653 618 3
290 392 3
243 807 3
1024 782 3
271 604 3
1037 401 3
814 497 3
322 399 3
161 29 3
724 203 3
249 711 3
144 348 3
631 271 3
144 1032 3
345 994 3
276 1003 3
276 175 3
740 757 3
144 348 3
175 276 3
541 1032 3
1003 276 3
73 839 3
83 764 3
62 331 3
276 175 3
276 1003 3
188 711 3
188 143 3
541 459 3
1003 276 3
324 390 3
541 324 3
276 1003 3
324 541 3
322 97 3
1037 1038 3
324 711 3
595 72 3
541 324 3
711 324 3
554 963 3
711 188 3
711 249 3
1003 276 3
1003 782 3
782 1003 3
1003 782 3
175 276 3
276 1003 3
192 685 3
249 711 3
276 175 3
1021 597 3
175 276 3
486 1025 3
696 644 3
1032 767 3
782 1003 3
276 175 3
782 1024 3
175 276 3
782 1024 3
276 175 3
1003 782 3
554 390 3
990 1003 3
322 644 3
40 1039 3
554 991 3
40 1040 3
40 1038 3
933 127 3
322 249 3
0 1013 3
933 459 3
998 296 3
175 276 3
322 1041 3
127 933 3
73 616 3
322 249 3
990 143 3
322 998 3
276 175 3
711 249 3
1039 40 3
1003 990 3
990 637 3
990 1003 3
322 998 3
829 764 3
322 1041 3
990 985 3
175 276 3
175 982 3
478 143 3
296 998 3
276 175 3
322 752 3
998 322 3
322 1041 3
175 276 3
998 296 3
322 998 3
249 711 3
43 188 3
643 377 3
643 377 3
276 175 3
727 616 3
558 96 3
769 276 3
72 595 3
925 556 3
175 276 3
1013 311 3
175 276 3
295 927 3
757 641 3
276 175 3
322 1041 3
40 1039 3
175 276 3
556 925 3
604 271 3
322 998 3
604 809 3
322 249 3
846 470 3
846 470 3
1032 541 3
604 276 3
276 175 3
322 249 3
764 83 3
276 604 3
764 829 3
175 276 3
556 301 3
322 87 3
276 175 3
376 754 3
175 276 3
276 175 3
87 322 3
322 1041 3
377 643 3
757 642 3
641 757 3
1039 40 3
83 764 3
1041 1038 3
322 87 3
1037 1038 3
175 276 3
276 175 3
87 322 3
296 998 3
322 249 3
757 641 3
322 1041 3
175 276 3
40 1039 3
322 87 3
713 927 3
595 72 3
641 757 3
276 175 3
1042 235 3
175 276 3
276 175 3
322 249 3
829 764 3
87 322 3
322 1041 3
493 388 3
175 276 3
604 276 3
322 87 3
757 641 3
604 556 3
276 604 3
31 1033 3
276 175 3
604 276 3
322 249 3
31 1038 3
175 276 3
276 604 3
143 833 3
322 1041 3
87 322 3
276 175 3
556 604 3
526 11 3
175 276 3
66 62 3
322 87 3
604 276 3
276 175 3
322 1041 3
700 639 3
276 604 3
604 556 3
1041 526 3
604 276 3
175 276 3
700 639 3
604 829 3
62 66 3
87 322 3
276 604 3
580 778 3
276 175 3
322 1041 3
829 604 3
604 276 3
322 87 3
769 62 3
175 276 3
322 965 3
276 604 3
604 829 3
276 175 3
604 276 3
700 639 3
556 604 3
175 276 3
87 322 3
31 526 3
990 77 3
322 1043 3
757 1043 3
322 87 3
276 175 3
604 556 3
62 769 3
175 276 3
482 767 3
31 824 3
850 1013 3
769 62 3
566 310 3
87 322 3
700 639 3
276 175 3
322 87 3
999 1039 3
175 276 3
965 322 3
556 604 3
322 965 3
324 711 3
700 639 3
700 639 3
850 161 3
809 322 3
337 453 3
999 700 3
639 700 3
999 494 3
335 535 3
809 322 3
999 7 3
322 340 3
322 340 3
965 322 3
556 968 3
322 965 3
1039 999 3
999 711 3
809 322 3
322 87 3
784 785 3
700 639 3
700 71 3
40 276 3
999 1039 3
999 991 3
999 1033 3
965 322 3
999 700 3
639 700 3
809 322 3
999 1040 3
643 377 3
392 290 3
999 285 3
1036 711 3
192 117 3
680 801 3
999 419 3
322 965 3
700 639 3
87 322 3
999 419 3
999 153 3
999 418 3
999 861 3
211 438 3
999 64 3
639 700 3
1036 446 3
999 685 3
999 139 3
999 365 3
999 824 3
999 479 3
322 87 3
999 134 3
999 1025 3
700 639 3
393 316 3
310 566 3
829 604 3
280 66 3
965 322 3
809 322 3
999 108 3
87 322 3
999 409 3
968 556 3
639 700 3
999 117 3
526 1041 3
639 700 3
965 322 3
678 59 3
685 192 3
526 31 3
71 700 3
685 999 3
769 174 3
1036 459 3
322 965 3
666 203 3
604 829 3
766 62 3
809 322 3
301 556 3
556 968 3
322 87 3
322 965 3
87 322 3
556 301 3
1036 899 3
1036 899 3
769 310 3
1040 40 3
322 87 3
761 712 3
809 322 3
700 639 3
968 556 3
1032 436 3
999 685 3
809 322 3
393 421 3
40 1040 3
235 1042 3
248 778 3
829 604 3
1036 273 3
809 322 3
556 968 3
35 769 3
393 455 3
1040 40 3
594 371 3
376 789 3
494 999 3
594 40 3
494 497 3
980 1020 3
35 769 3
809 322 3
494 497 3
340 322 3
322 340 3
376 870 3
100 281 3
340 322 3
1039 1044 3
322 340 3
700 857 3
839 73 3
497 494 3
35 769 3
809 322 3
340 322 3
780 720 3
657 883 3
1045 1013 3
322 340 3
497 494 3
40 1040 3
1032 378 3
769 35 3
657 989 3
1013 1045 3
516 585 3
376 1046 3
317 994 3
637 990 3
799 494 3
35 769 3
637 757 3
340 322 3
769 35 3
989 657 3
637 995 3
637 938 3
989 276 3
322 340 3
968 556 3
657 989 3
192 685 3
637 621 3
340 322 3
1005 322 3
989 657 3
322 1005 3
516 1047 3
637 102 3
276 989 3
446 1036 3
322 340 3
900 914 3
799 392 3
685 192 3
764 83 3
392 799 3
317 324 3
764 829 3
324 1048 3
317 965 3
799 392 3
340 322 3
556 968 3
799 392 3
989 276 3
322 340 3
227 313 3
340 322 3
392 799 3
998 296 3
799 392 3
685 26 3
998 322 3
276 989 3
142 200 3
40 594 3
322 340 3
142 1036 3
167 399 3
322 998 3
340 322 3
322 340 3
227 391 3
1040 40 3
167 833 3
642 637 3
793 26 3
642 322 3
968 556 3
963 554 3
1041 526 3
1041 526 3
1041 526 3
998 322 3
989 276 3
108 999 3
322 642 3
322 998 3
391 227 3
322 340 3
276 989 3
998 968 3
376 474 3
998 322 3
340 322 3
685 340 3
188 711 3
556 968 3
809 322 3
340 685 3
494 497 3
376 474 3
227 391 3
494 799 3
548 522 3
376 474 3
494 1049 3
602 813 3
276 989 3
548 62 3
548 968 3
548 829 3
40 1040 3
40 494 3
989 276 3
296 998 3
376 1050 3
923 685 3
175 602 3
585 516 3
1033 937 3
376 481 3
497 494 3
937 1033 3
585 516 3
474 602 3
280 560 3
585 1038 3
481 296 3
271 631 3
376 481 3
271 604 3
142 1041 3
180 494 3
395 399 3
62 548 3
602 175 3
809 815 3
1040 40 3
602 474 3
459 541 3
376 940 3
459 933 3
813 602 3
180 764 3
1041 142 3
602 813 3
441 1040 3
296 481 3
376 949 3
1036 446 3
376 288 3
1051 71 3
1036 142 3
441 142 3
1051 71 3
1036 681 3
376 949 3
813 602 3
391 227 3
391 399 3
391 399 3
391 320 3
391 320 3
391 320 3
71 1051 3
1036 310 3
391 997 3
1036 706 3
307 989 3
71 317 3
1022 459 3
545 822 3
545 808 3
545 474 3
545 474 3
436 1032 3
566 310 3
474 545 3
1040 441 3
566 973 3
997 391 3
40 1040 3
982 175 3
566 601 3
545 474 3
566 601 3
447 494 3
175 982 3
143 872 3
601 150 3
143 995 3
541 459 3
143 974 3
494 40 3
494 497 3
494 180 3
143 478 3
497 494 3
494 497 3
559 494 3
494 559 3
497 494 3
1040 545 3
542 399 3
1040 40 3
40 494 3
40 1040 3
545 1040 3
545 1052 3
143 990 3
494 40 3
494 497 3
180 494 3
1033 1035 3
1020 980 3
497 494 3
40 494 3
188 43 3
422 276 3
374 602 3
1032 436 3
200 142 3
200 1052 3
1053 638 3
994 317 3
104 1054 3
686 1053 3
1053 686 3
104 712 3
877 1004 3
436 1032 3
1032 1055 3
926 535 3
71 1038 3
59 678 3
59 700 3
927 713 3
535 926 3
535 335 3
241 218 3
241 453 3
522 548 3
625 439 3
614 739 3
341 968 3
