341 459 4
999 494 4
999 108 4
31 526 4
883 657 4
1038 71 4
1038 1041 4
341 587 4
1003 276 4
249 322 4
141 143 4
141 243 4
141 243 4
141 996 4
830 1049 4
830 1056 4
751 597 4
585 459 4
535 371 4
391 997 4
391 1053 4
751 1031 4
223 625 4
625 223 4
751 985 4
223 625 4
625 223 4
990 208 4
223 625 4
8 317 4
8 390 4
8 313 4
26 685 4
8 685 4
26 793 4
1037 1025 4
8 937 4
302 211 4
625 223 4
625 49 4
682 562 4
1037 501 4
751 512 4
751 512 4
223 625 4
49 625 4
625 49 4
49 625 4
653 49 4
625 223 4
625 49 4
965 322 4
223 625 4
965 317 4
999 1040 4
999 139 4
965 616 4
1057 344 4
188 711 4
144 1032 4
249 711 4
143 141 4
548 522 4
989 276 4
459 1022 4
637 995 4
211 320 4
211 320 4
459 541 4
322 965 4
208 990 4
637 1058 4
208 241 4
459 585 4
322 249 4
1037 144 4
585 459 4
430 322 4
322 430 4
349 625 4
637 235 4
376 754 4
322 631 4
241 208 4
637 393 4
430 322 4
453 241 4
625 349 4
459 585 4
49 653 4
1017 501 4
49 625 4
653 49 4
585 459 4
672 1012 4
501 1017 4
615 585 4
1053 391 4
249 322 4
249 322 4
376 102 4
188 711 4
376 102 4
1032 436 4
376 102 4
376 789 4
494 180 4
494 497 4
494 40 4
376 1018 4
686 672 4
685 340 4
71 1038 4
943 658 4
282 814 4
282 276 4
560 280 4
198 970 4
686 1055 4
943 658 4
2 71 4
943 658 4
1017 501 4
631 96 4
814 282 4
943 658 4
943 658 4
497 880 4
282 814 4
943 658 4
559 494 4
73 839 4
880 497 4
211 1053 4
594 658 4
658 594 4
594 658 4
658 594 4
1036 594 4
594 1036 4
480 26 4
594 337 4
376 1059 4
424 764 4
49 653 4
71 594 4
487 2 4
2 487 4
193 497 4
310 1036 4
310 566 4
193 180 4
412 658 4
193 585 4
193 497 4
193 462 4
193 990 4
193 1003 4
193 295 4
658 412 4
436 1032 4
193 295 4
307 1013 4
188 71 4
188 71 4
241 453 4
1032 541 4
541 1032 4
1055 686 4
793 193 4
782 541 4
102 782 4
782 102 4
41 324 4
41 295 4
2 41 4
213 296 4
243 141 4
84 952 4
84 399 4
208 241 4
712 324 4
712 841 4
998 296 4
712 715 4
712 1031 4
712 1027 4
712 1042 4
712 883 4
933 127 4
933 459 4
522 723 4
282 71 4
1060 1061 4
914 814 4
914 296 4
508 453 4
508 363 4
508 388 4
508 388 4
232 192 4
508 582 4
582 508 4
508 582 4
914 900 4
914 535 4
71 282 4
541 782 4
590 710 4
322 631 4
678 59 4
638 1053 4
943 568 4
657 883 4
371 535 4
66 1041 4
1041 1038 4
341 501 4
26 480 4
943 568 4
712 541 4
341 501 4
712 761 4
341 501 4
790 522 4
943 568 4
764 424 4
914 700 4
1025 486 4
914 638 4
1025 175 4
535 371 4
113 123 4
585 615 4
1062 834 4
585 193 4
764 424 4
341 501 4
341 501 4
776 501 4
8 1061 4
8 1038 4
712 737 4
175 1025 4
712 997 4
712 399 4
712 628 4
175 262 4
712 241 4
782 541 4
712 208 4
712 362 4
712 104 4
589 438 4
211 438 4
712 478 4
296 241 4
296 998 4
337 594 4
712 1042 4
616 727 4
712 939 4
712 123 4
712 94 4
376 991 4
883 657 4
834 1062 4
1063 782 4
776 881 4
776 987 4
602 813 4
1022 459 4
839 73 4
33 281 4
1063 782 4
33 312 4
33 312 4
1063 782 4
497 193 4
587 341 4
73 839 4
497 193 4
67 782 4
453 241 4
67 390 4
453 508 4
782 67 4
67 782 4
653 49 4
1032 148 4
782 67 4
67 782 4
211 302 4
782 67 4
67 782 4
2 41 4
1063 474 4
361 764 4
680 387 4
608 839 4
251 764 4
680 387 4
390 324 4
852 399 4
193 816 4
839 608 4
703 1052 4
585 1064 4
989 697 4
989 697 4
608 839 4
390 67 4
608 835 4
608 835 4
101 942 4
67 390 4
120 193 4
608 150 4
193 120 4
262 175 4
550 387 4
608 782 4
251 782 4
782 251 4
782 608 4
782 251 4
996 141 4
608 782 4
608 296 4
296 608 4
120 193 4
296 608 4
560 280 4
839 608 4
700 914 4
338 1065 4
608 839 4
686 1055 4
296 608 4
414 996 4
322 631 4
282 71 4
438 387 4
302 211 4
700 839 4
615 516 4
322 631 4
49 653 4
591 399 4
322 631 4
680 387 4
1055 686 4
680 589 4
1055 608 4
686 1055 4
315 954 4
1055 686 4
322 686 4
159 782 4
712 608 4
839 700 4
816 193 4
210 211 4
322 631 4
764 251 4
616 700 4
594 589 4
686 1055 4
1055 686 4
52 249 4
52 1017 4
589 594 4
295 41 4
387 438 4
703 616 4
192 232 4
1025 175 4
678 59 4
101 49 4
1025 608 4
678 59 4
59 678 4
703 1066 4
678 59 4
49 101 4
522 790 4
59 678 4
1025 949 4
949 1025 4
1025 949 4
949 1025 4
241 208 4
712 949 4
678 59 4
516 615 4
241 453 4
1025 949 4
203 455 4
516 708 4
949 1025 4
516 1064 4
203 724 4
101 49 4
1025 949 4
203 497 4
203 249 4
203 666 4
462 338 4
462 1003 4
462 686 4
462 399 4
1025 1049 4
840 914 4
43 188 4
829 764 4
541 782 4
585 393 4
322 97 4
31 1067 4
388 497 4
388 829 4
388 666 4
31 1041 4
354 315 4
388 241 4
686 462 4
1067 31 4
241 388 4
193 71 4
481 193 4
59 678 4
193 288 4
678 59 4
59 678 4
31 1067 4
71 282 4
49 101 4
71 193 4
296 241 4
144 1032 4
1067 31 4
43 128 4
150 608 4
150 601 4
1068 585 4
829 388 4
678 59 4
59 678 4
696 1069 4
678 59 4
8 937 4
8 390 4
356 817 4
712 949 4
356 937 4
625 589 4
508 453 4
356 963 4
356 625 4
541 542 4
474 467 4
696 72 4
356 1067 4
356 625 4
356 1067 4
541 542 4
737 625 4
281 1070 4
589 407 4
356 817 4
541 597 4
1003 462 4
356 1067 4
625 737 4
356 625 4
589 370 4
542 541 4
597 541 4
356 653 4
597 541 4
356 625 4
356 1038 4
474 467 4
213 1067 4
1036 594 4
213 1071 4
1036 310 4
542 355 4
542 541 4
985 990 4
985 990 4
985 751 4
541 542 4
985 990 4
985 47 4
914 700 4
914 840 4
66 937 4
251 764 4
421 393 4
307 421 4
307 1067 4
933 459 4
933 127 4
307 1055 4
100 846 4
322 1072 4
100 1001 4
696 49 4
322 1072 4
696 49 4
322 1072 4
1067 307 4
1032 436 4
822 497 4
822 566 4
1049 494 4
822 241 4
822 1032 4
100 281 4
453 241 4
453 508 4
700 914 4
822 1032 4
996 141 4
281 1070 4
241 453 4
560 280 4
281 100 4
996 414 4
175 1025 4
100 175 4
822 914 4
281 100 4
858 324 4
175 100 4
341 587 4
858 399 4
858 387 4
453 241 4
696 1069 4
822 238 4
130 1038 4
130 989 4
822 40 4
833 1073 4
40 494 4
822 40 4
723 522 4
341 501 4
829 1071 4
580 778 4
1071 829 4
914 700 4
846 100 4
822 914 4
700 914 4
341 1067 4
1069 696 4
324 1071 4
238 822 4
712 541 4
926 535 4
712 926 4
599 41 4
731 700 4
700 731 4
599 288 4
914 700 4
1071 324 4
822 914 4
324 1071 4
296 481 4
712 1031 4
700 914 4
0 122 4
599 822 4
712 324 4
430 474 4
1035 57 4
712 883 4
599 822 4
712 1042 4
914 700 4
707 1057 4
707 1074 4
674 461 4
1038 130 4
1038 71 4
822 914 4
833 167 4
833 1067 4
833 143 4
33 1071 4
712 324 4
52 833 4
251 686 4
370 589 4
52 25 4
243 414 4
782 159 4
324 1032 4
202 865 4
1035 700 4
933 459 4
25 678 4
355 542 4
767 500 4
712 1042 4
712 324 4
144 1032 4
52 25 4
52 833 4
1032 324 4
712 324 4
1032 822 4
324 1032 4
696 1069 4
554 390 4
1032 324 4
324 1032 4
554 1018 4
52 833 4
696 1075 4
554 1059 4
782 541 4
1075 782 4
696 1075 4
52 1017 4
52 833 4
438 1018 4
538 211 4
102 153 4
175 839 4
175 501 4
175 696 4
71 1038 4
468 462 4
175 93 4
175 438 4
175 153 4
686 301 4
1067 833 4
1067 341 4
550 387 4
550 370 4
589 370 4
535 926 4
501 175 4
324 839 4
52 175 4
175 501 4
52 25 4
1076 925 4
8 390 4
175 637 4
637 175 4
175 637 4
175 501 4
637 175 4
696 1075 4
175 637 4
696 926 4
637 175 4
1018 438 4
8 1061 4
175 637 4
637 175 4
175 637 4
305 1018 4
637 175 4
376 2 4
175 637 4
1018 305 4
637 175 4
175 1055 4
175 637 4
637 175 4
1075 696 4
175 637 4
637 175 4
1075 1052 4
661 624 4
661 624 4
52 175 4
190 1059 4
554 675 4
554 625 4
554 653 4
554 625 4
766 501 4
461 674 4
996 414 4
996 414 4
696 1041 4
1041 31 4
554 370 4
970 198 4
438 175 4
438 1018 4
637 438 4
370 589 4
438 637 4
637 438 4
712 534 4
1041 637 4
1041 637 4
198 970 4
241 453 4
1041 637 4
637 757 4
757 637 4
1033 637 4
198 977 4
637 757 4
637 345 4
1071 33 4
1071 324 4
1059 190 4
554 1059 4
198 970 4
550 370 4
198 444 4
673 1067 4
703 767 4
376 1059 4
1077 1078 4
1079 637 4
102 1077 4
637 1079 4
461 102 4
637 778 4
305 782 4
305 782 4
1077 102 4
131 332 4
453 241 4
82 1059 4
637 526 4
1079 1071 4
833 1067 4
198 1049 4
175 816 4
102 1077 4
102 461 4
305 437 4
312 33 4
461 102 4
312 33 4
637 829 4
637 102 4
1077 102 4
833 312 4
312 833 4
637 1080 4
833 312 4
102 1077 4
833 1067 4
102 637 4
1079 637 4
1077 102 4
102 461 4
102 1077 4
829 637 4
461 102 4
925 556 4
925 1076 4
970 198 4
833 71 4
482 175 4
312 0 4
71 833 4
198 970 4
1049 198 4
556 925 4
198 1049 4
1077 102 4
102 461 4
833 71 4
71 833 4
833 1067 4
833 71 4
1038 71 4
71 833 4
71 1038 4
833 71 4
680 625 4
958 957 4
972 102 4
461 102 4
1038 71 4
703 1071 4
972 399 4
71 1038 4
71 833 4
833 71 4
71 833 4
1071 1079 4
1038 71 4
833 71 4
89 1071 4
948 1067 4
800 767 4
800 312 4
71 833 4
71 1038 4
833 71 4
338 1067 4
637 829 4
637 1079 4
637 102 4
71 833 4
833 71 4
71 833 4
870 1049 4
833 71 4
1032 764 4
71 833 4
344 345 4
833 71 4
344 1057 4
241 453 4
637 387 4
1048 324 4
71 833 4
833 71 4
1041 757 4
637 880 4
637 372 4
680 625 4
1048 637 4
637 1048 4
637 1048 4
680 637 4
637 1048 4
764 1032 4
1067 833 4
1067 833 4
680 637 4
1067 833 4
1048 637 4
637 1048 4
880 637 4
74 1040 4
1067 71 4
637 880 4
414 839 4
1041 637 4
142 441 4
142 1036 4
637 253 4
637 757 4
637 253 4
338 462 4
1041 637 4
538 1071 4
71 1067 4
414 194 4
102 937 4
421 307 4
1067 71 4
376 754 4
102 1071 4
1032 764 4
376 626 4
829 338 4
259 1027 4
259 948 4
213 1071 4
1081 1075 4
376 312 4
1038 71 4
764 1032 4
678 25 4
376 280 4
102 1059 4
376 49 4
71 1038 4
1081 1075 4
388 241 4
459 933 4
388 829 4
1032 764 4
241 822 4
542 355 4
241 388 4
376 312 4
253 1038 4
554 351 4
800 312 4
1032 846 4
143 833 4
764 1032 4
680 387 4
317 71 4
833 1067 4
33 312 4
833 143 4
538 1071 4
100 40 4
33 1071 4
554 640 4
192 625 4
1038 71 4
1035 474 4
192 846 4
355 542 4
474 1035 4
387 637 4
833 1067 4
1079 1071 4
373 247 4
625 192 4
989 512 4
927 998 4
927 713 4
927 102 4
587 1018 4
927 102 4
188 143 4
312 33 4
453 241 4
436 1032 4
800 312 4
927 102 4
927 102 4
1067 833 4
809 707 4
542 355 4
296 241 4
296 998 4
33 312 4
800 312 4
33 154 4
1035 474 4
927 914 4
793 276 4
241 453 4
312 33 4
927 793 4
927 793 4
792 392 4
830 1049 4
33 312 4
421 1059 4
71 1038 4
1032 436 4
1032 764 4
193 1082 4
1031 1055 4
66 594 4
193 130 4
618 653 4
193 288 4
193 295 4
436 1032 4
193 295 4
193 448 4
193 841 4
193 240 4
193 1083 4
193 241 4
193 79 4
193 221 4
193 912 4
193 618 4
193 1050 4
193 598 4
193 205 4
193 321 4
193 515 4
193 497 4
193 455 4
193 208 4
193 96 4
193 253 4
193 131 4
193 1062 4
193 375 4
193 403 4
1048 324 4
193 1003 4
193 816 4
193 585 4
193 276 4
193 1038 4
193 526 4
193 572 4
193 814 4
193 597 4
193 124 4
193 643 4
193 1055 4
193 1084 4
193 1085 4
193 797 4
193 752 4
193 236 4
193 574 4
193 464 4
193 59 4
193 452 4
193 341 4
193 294 4
193 948 4
193 678 4
193 710 4
193 595 4
193 914 4
193 672 4
193 773 4
193 97 4
188 707 4
188 1067 4
625 589 4
864 1071 4
850 1013 4
41 295 4
1086 1087 4
914 927 4
637 387 4
637 1041 4
1086 340 4
829 388 4
985 914 4
280 560 4
1045 1013 4
998 927 4
193 816 4
25 678 4
833 1067 4
522 175 4
764 1032 4
522 989 4
522 723 4
83 764 4
83 764 4
83 764 4
259 948 4
614 421 4
508 305 4
508 388 4
508 193 4
285 999 4
508 1038 4
508 594 4
1038 71 4
203 175 4
508 871 4
989 522 4
780 700 4
614 508 4
71 1038 4
1038 71 4
276 1031 4
188 707 4
71 1038 4
1038 71 4
71 1038 4
203 1069 4
791 227 4
678 193 4
678 25 4
251 241 4
1038 71 4
71 1038 4
25 678 4
678 25 4
678 902 4
833 1067 4
678 345 4
764 83 4
388 508 4
296 998 4
25 678 4
102 764 4
102 598 4
833 625 4
102 276 4
508 388 4
428 949 4
508 816 4
428 949 4
508 276 4
883 1049 4
883 535 4
989 418 4
989 418 4
989 418 4
949 428 4
949 428 4
535 883 4
883 535 4
535 883 4
949 404 4
883 535 4
192 625 4
167 833 4
833 167 4
1067 833 4
949 697 4
296 998 4
72 616 4
993 1055 4
1067 71 4
72 62 4
1067 948 4
154 33 4
71 1067 4
625 833 4
625 192 4
1067 71 4
71 1067 4
253 625 4
625 253 4
25 644 4
1067 71 4
253 625 4
625 253 4
833 1067 4
833 625 4
1067 833 4
306 508 4
444 198 4
999 285 4
71 1067 4
193 444 4
625 833 4
833 1067 4
833 625 4
723 522 4
1067 71 4
1067 833 4
625 833 4
535 883 4
142 1036 4
71 1067 4
142 102 4
833 625 4
142 200 4
142 414 4
829 548 4
833 1067 4
142 833 4
142 833 4
883 535 4
1059 102 4
625 833 4
1067 833 4
712 949 4
1067 71 4
127 933 4
71 1067 4
66 281 4
293 829 4
840 914 4
1088 764 4
840 102 4
198 444 4
52 249 4
1059 421 4
52 25 4
232 192 4
52 833 4
232 1036 4
1067 71 4
198 1059 4
193 767 4
193 948 4
71 1067 4
142 833 4
393 585 4
66 937 4
535 883 4
535 883 4
66 1071 4
130 193 4
883 535 4
41 143 4
188 41 4
143 41 4
340 1071 4
188 41 4
188 41 4
835 608 4
851 1089 4
188 711 4
188 41 4
376 280 4
376 754 4
67 134 4
535 883 4
340 685 4
703 1090 4
703 1091 4
767 1032 4
1012 672 4
703 1059 4
1012 397 4
872 143 4
767 800 4
1018 438 4
1018 587 4
703 1049 4
949 1092 4
1092 949 4
66 172 4
833 625 4
833 1067 4
281 33 4
703 767 4
453 241 4
883 535 4
776 1071 4
143 872 4
203 1069 4
522 723 4
522 989 4
175 276 4
522 1048 4
276 175 4
41 1048 4
751 1031 4
914 816 4
41 1061 4
41 1049 4
700 1092 4
175 276 4
625 833 4
276 175 4
276 175 4
816 914 4
1092 700 4
522 1092 4
341 193 4
175 276 4
637 846 4
1092 522 4
522 1092 4
276 175 4
637 1092 4
637 1092 4
175 276 4
1092 522 4
757 637 4
276 175 4
637 757 4
41 0 4
522 1092 4
1092 31 4
341 968 4
31 1092 4
1092 522 4
914 816 4
1092 31 4
31 1092 4
980 1020 4
1092 31 4
276 175 4
66 281 4
276 1092 4
816 914 4
598 102 4
585 393 4
914 816 4
142 31 4
816 914 4
816 508 4
816 175 4
700 1092 4
833 625 4
175 816 4
142 31 4
816 175 4
175 816 4
816 175 4
142 200 4
914 816 4
175 816 4
102 1059 4
1049 41 4
142 200 4
616 72 4
142 200 4
142 162 4
142 200 4
142 200 4
625 833 4
142 200 4
142 102 4
142 102 4
142 102 4
142 102 4
102 598 4
102 840 4
1032 1071 4
678 193 4
538 816 4
227 791 4
142 1093 4
101 644 4
616 72 4
296 998 4
968 341 4
535 883 4
883 535 4
872 143 4
637 949 4
598 102 4
1048 522 4
1048 41 4
1013 311 4
637 949 4
1044 268 4
637 1013 4
833 625 4
637 1044 4
968 548 4
1013 850 4
68 914 4
66 597 4
637 949 4
66 461 4
211 638 4
678 1094 4
501 175 4
637 235 4
175 501 4
637 949 4
637 949 4
925 556 4
637 949 4
144 1032 4
637 235 4
637 949 4
637 949 4
637 949 4
637 949 4
421 1059 4
637 949 4
345 678 4
501 175 4
175 501 4
914 597 4
678 345 4
501 175 4
428 949 4
949 428 4
175 501 4
712 1048 4
308 539 4
0 41 4
712 544 4
501 175 4
355 542 4
428 949 4
175 501 4
949 428 4
933 1095 4
933 526 4
1096 883 4
11 598 4
1096 126 4
11 937 4
625 833 4
66 1091 4
833 625 4
816 914 4
66 597 4
11 1038 4
11 816 4
11 997 4
685 340 4
11 696 4
11 602 4
18 1077 4
18 1077 4
18 1077 4
625 833 4
11 526 4
11 598 4
732 296 4
393 585 4
732 625 4
18 1097 4
18 1097 4
193 130 4
37 93 4
37 625 4
127 933 4
37 782 4
18 597 4
393 421 4
625 732 4
625 37 4
680 31 4
421 393 4
393 130 4
393 421 4
130 393 4
393 130 4
525 476 4
31 1098 4
130 393 4
644 101 4
1098 31 4
644 25 4
393 130 4
130 393 4
296 732 4
31 1098 4
31 597 4
8 565 4
782 37 4
11 31 4
686 1053 4
686 1003 4
914 814 4
31 461 4
341 318 4
11 602 4
11 318 4
11 602 4
318 341 4
11 318 4
127 933 4
341 318 4
11 318 4
602 813 4
8 31 4
11 318 4
62 989 4
11 31 4
11 318 4
594 508 4
66 937 4
66 594 4
66 281 4
66 450 4
251 999 4
508 594 4
66 597 4
270 193 4
127 933 4
66 31 4
193 270 4
933 1025 4
193 31 4
193 295 4
276 829 4
276 949 4
251 594 4
40 1055 4
193 31 4
251 597 4
40 1040 4
193 31 4
18 1098 4
102 598 4
598 102 4
102 598 4
512 989 4
127 933 4
276 829 4
276 949 4
276 829 4
276 949 4
1033 1035 4
276 949 4
703 1071 4
127 933 4
276 949 4
276 949 4
276 949 4
62 72 4
102 1099 4
102 565 4
598 102 4
1100 686 4
102 598 4
989 512 4
542 355 4
813 602 4
11 816 4
598 102 4
276 949 4
614 1041 4
999 251 4
276 949 4
227 1099 4
276 949 4
72 616 4
72 62 4
73 839 4
11 856 4
375 193 4
1071 1032 4
602 813 4
1071 340 4
11 526 4
11 72 4
18 1071 4
11 1079 4
474 467 4
11 474 4
102 598 4
18 526 4
11 608 4
102 598 4
11 172 4
11 526 4
11 141 4
556 925 4
1033 31 4
11 598 4
172 102 4
296 998 4
11 102 4
1100 512 4
11 141 4
11 102 4
11 1101 4
1088 764 4
623 594 4
538 1102 4
11 141 4
11 678 4
880 1089 4
193 375 4
192 232 4
192 148 4
880 998 4
672 678 4
657 666 4
141 481 4
296 608 4
672 686 4
192 657 4
598 102 4
481 141 4
539 308 4
545 280 4
613 444 4
637 539 4
608 1035 4
535 883 4
637 539 4
539 637 4
531 324 4
556 560 4
295 294 4
539 1103 4
1103 539 4
539 1103 4
539 753 4
1103 539 4
753 539 4
233 390 4
623 591 4
1104 1071 4
541 313 4
541 696 4
539 1103 4
1096 126 4
539 753 4
1096 883 4
89 47 4
541 1102 4
556 582 4
1096 190 4
1096 190 4
539 190 4
494 1049 4
1096 190 4
1096 102 4
1103 539 4
190 539 4
539 190 4
545 541 4
40 494 4
551 974 4
102 782 4
1096 1103 4
1096 102 4
102 987 4
102 1096 4
541 545 4
1059 198 4
541 296 4
1059 102 4
541 597 4
1059 421 4
541 296 4
102 1059 4
1059 102 4
102 1059 4
541 296 4
541 127 4
1096 436 4
541 637 4
62 72 4
541 296 4
62 338 4
686 1031 4
541 296 4
776 1071 4
421 1059 4
143 872 4
541 296 4
541 1071 4
1071 541 4
541 296 4
296 541 4
541 1071 4
1071 541 4
541 296 4
554 351 4
541 1071 4
296 541 4
1071 541 4
127 541 4
541 296 4
541 127 4
296 541 4
541 1071 4
541 296 4
296 541 4
541 459 4
40 598 4
8 565 4
559 1071 4
541 296 4
127 541 4
296 541 4
247 373 4
1071 541 4
391 949 4
791 227 4
1071 559 4
11 139 4
598 40 4
40 598 4
598 40 4
40 598 4
598 40 4
598 40 4
481 1071 4
1071 481 4
11 542 4
1033 1035 4
559 1071 4
40 598 4
40 598 4
1071 559 4
541 1071 4
541 296 4
559 1071 4
541 296 4
11 1105 4
296 541 4
1071 541 4
296 541 4
11 598 4
296 541 4
541 296 4
1071 559 4
559 1071 4
541 1071 4
296 541 4
11 139 4
541 296 4
559 1071 4
296 541 4
1071 559 4
541 296 4
11 79 4
11 585 4
585 1106 4
11 585 4
1071 541 4
559 1071 4
296 541 4
541 296 4
11 79 4
296 541 4
11 585 4
541 296 4
296 541 4
11 585 4
541 1071 4
1068 883 4
1068 73 4
1068 877 4
1068 251 4
1068 686 4
1068 101 4
927 998 4
927 914 4
253 653 4
723 522 4
559 1071 4
200 139 4
349 1101 4
949 391 4
200 937 4
102 937 4
28 1071 4
459 541 4
938 782 4
938 459 4
1033 852 4
883 535 4
883 1096 4
782 938 4
251 462 4
334 33 4
334 173 4
842 1050 4
548 829 4
548 968 4
341 1067 4
937 200 4
937 102 4
1032 301 4
712 40 4
25 644 4
674 461 4
712 1048 4
674 461 4
522 723 4
723 522 4
338 62 4
461 31 4
712 566 4
712 461 4
712 715 4
712 33 4
712 123 4
241 251 4
712 241 4
872 143 4
293 41 4
712 318 4
712 362 4
712 939 4
712 841 4
712 1042 4
712 1042 4
712 883 4
712 508 4
712 998 4
712 949 4
712 1017 4
276 253 4
1051 707 4
1071 541 4
1071 28 4
696 541 4
461 674 4
816 1099 4
101 644 4
61 948 4
634 718 4
948 61 4
349 334 4
712 732 4
102 937 4
712 37 4
712 640 4
712 1035 4
712 461 4
712 883 4
712 1042 4
31 461 4
31 1102 4
1068 251 4
637 541 4
637 539 4
356 937 4
356 816 4
102 461 4
356 902 4
544 675 4
769 840 4
544 1018 4
356 193 4
544 1059 4
459 938 4
459 541 4
276 253 4
1096 883 4
1096 436 4
883 1096 4
356 153 4
356 153 4
461 31 4
461 102 4
461 31 4
18 139 4
421 814 4
52 25 4
52 249 4
686 251 4
535 883 4
161 850 4
142 31 4
142 914 4
31 461 4
142 102 4
461 31 4
31 461 4
883 535 4
883 535 4
535 883 4
833 625 4
991 1107 4
1096 883 4
448 497 4
102 459 4
198 1059 4
1068 686 4
883 535 4
883 1096 4
535 883 4
494 40 4
625 833 4
983 637 4
193 295 4
393 211 4
393 211 4
883 535 4
1036 232 4
637 983 4
948 193 4
535 883 4
193 948 4
948 641 4
883 535 4
535 883 4
943 193 4
126 1096 4
251 686 4
68 251 4
62 338 4
883 535 4
211 305 4
539 989 4
535 883 4
211 438 4
1068 251 4
883 535 4
535 883 4
637 539 4
1102 541 4
883 535 4
35 1032 4
1033 700 4
1033 461 4
833 625 4
251 432 4
700 1033 4
535 883 4
678 148 4
1033 700 4
541 1102 4
625 833 4
700 1033 4
1033 461 4
1033 700 4
700 1033 4
1033 461 4
541 459 4
25 52 4
1033 700 4
1033 461 4
1033 461 4
1033 696 4
712 1042 4
700 1033 4
712 1042 4
1033 700 4
203 1069 4
883 535 4
1033 461 4
1033 696 4
1068 686 4
1033 696 4
1068 544 4
700 1033 4
1106 585 4
1033 461 4
1033 461 4
1033 461 4
1033 461 4
712 640 4
712 544 4
1033 461 4
193 295 4
1033 461 4
712 883 4
1033 461 4
438 1018 4
1033 700 4
1033 461 4
1033 461 4
1033 461 4
1033 461 4
1033 461 4
1033 461 4
1033 461 4
305 211 4
1033 461 4
712 40 4
712 461 4
1033 461 4
341 1067 4
1033 461 4
190 764 4
712 628 4
582 556 4
398 75 4
349 438 4
200 937 4
200 937 4
200 937 4
11 542 4
556 582 4
11 937 4
1030 649 4
1030 1108 4
1030 650 4
1030 645 4
1030 839 4
8 996 4
8 176 4
8 770 4
989 539 4
393 262 4
833 625 4
625 833 4
127 933 4
276 253 4
1051 707 4
276 1031 4
833 625 4
341 543 4
211 305 4
614 79 4
625 833 4
883 494 4
597 541 4
883 535 4
554 211 4
833 625 4
625 833 4
833 625 4
937 200 4
18 1067 4
102 973 4
734 789 4
625 833 4
276 253 4
295 549 4
281 66 4
276 253 4
200 937 4
829 548 4
497 193 4
276 253 4
189 651 4
338 62 4
637 474 4
497 448 4
1067 497 4
651 189 4
249 474 4
474 249 4
249 568 4
249 259 4
249 1096 4
249 474 4
474 249 4
637 642 4
497 1067 4
276 1031 4
276 253 4
1067 497 4
1099 752 4
259 249 4
276 1031 4
259 508 4
568 249 4
193 295 4
193 295 4
193 295 4
657 192 4
276 1031 4
657 1109 4
651 213 4
193 25 4
764 190 4
193 61 4
193 793 4
193 497 4
193 816 4
193 481 4
193 497 4
193 1003 4
678 672 4
8 211 4
276 1031 4
276 1031 4
8 833 4
401 880 4
8 678 4
8 678 4
322 833 4
193 585 4
193 508 4
500 767 4
193 816 4
816 193 4
11 937 4
816 193 4
193 816 4
322 644 4
193 816 4
82 193 4
816 193 4
816 193 4
585 193 4
1003 1031 4
8 678 4
8 281 4
1031 1003 4
11 281 4
8 281 4
535 883 4
11 281 4
1003 1031 4
62 338 4
1031 1003 4
11 281 4
8 281 4
1003 1031 4
8 678 4
734 1031 4
8 281 4
322 1013 4
193 1003 4
11 281 4
8 281 4
322 631 4
11 281 4
322 757 4
1003 1007 4
11 1038 4
594 251 4
11 281 4
11 568 4
8 281 4
8 281 4
11 281 4
11 281 4
233 1038 4
11 281 4
11 925 4
193 1003 4
43 596 4
11 281 4
8 281 4
858 387 4
11 535 4
371 1110 4
11 535 4
371 535 4
1110 371 4
535 371 4
11 281 4
371 1110 4
858 1059 4
11 535 4
8 281 4
11 281 4
8 281 4
11 281 4
858 371 4
11 568 4
11 535 4
925 556 4
11 568 4
11 925 4
371 535 4
497 193 4
11 401 4
40 1110 4
497 193 4
193 1003 4
535 371 4
11 281 4
11 925 4
11 925 4
11 925 4
985 193 4
371 535 4
11 985 4
18 985 4
18 985 4
11 1038 4
18 985 4
985 990 4
232 192 4
602 813 4
18 985 4
18 985 4
990 985 4
985 990 4
18 985 4
776 1110 4
985 990 4
18 985 4
535 371 4
18 985 4
8 281 4
8 281 4
1033 1038 4
813 602 4
602 813 4
18 985 4
883 535 4
18 985 4
11 79 4
1033 1038 4
990 653 4
18 985 4
11 388 4
990 653 4
18 985 4
535 883 4
1068 559 4
18 985 4
11 1067 4
813 602 4
18 985 4
18 985 4
18 985 4
985 18 4
18 985 4
18 985 4
18 985 4
18 985 4
1110 371 4
248 287 4
11 1067 4
883 535 4
11 996 4
1042 40 4
11 1067 4
40 1042 4
18 996 4
11 1067 4
1042 40 4
11 1067 4
326 937 4
248 401 4
11 757 4
127 933 4
996 18 4
11 757 4
11 757 4
404 776 4
531 881 4
404 949 4
535 883 4
531 363 4
883 535 4
249 568 4
535 883 4
582 556 4
211 531 4
18 582 4
211 740 4
533 624 4
625 49 4
143 1110 4
190 764 4
251 594 4
18 900 4
1033 696 4
892 949 4
305 211 4
883 535 4
399 907 4
305 508 4
399 798 4
883 900 4
535 883 4
399 391 4
399 494 4
18 255 4
399 606 4
255 497 4
399 395 4
473 678 4
399 597 4
1110 143 4
40 1042 4
1042 40 4
883 535 4
473 399 4
49 625 4
535 883 4
883 535 4
937 200 4
625 49 4
542 417 4
18 873 4
171 295 4
1025 933 4
393 1003 4
1100 71 4
192 657 4
127 933 4
322 340 4
171 1025 4
752 983 4
594 251 4
49 625 4
597 399 4
597 251 4
35 188 4
949 404 4
604 461 4
1003 393 4
949 892 4
752 1099 4
625 49 4
508 259 4
213 651 4
597 66 4
597 31 4
597 18 4
8 833 4
597 914 4
616 72 4
508 305 4
461 604 4
535 883 4
249 404 4
616 727 4
249 315 4
249 908 4
249 1111 4
508 453 4
508 453 4
776 404 4
508 388 4
305 508 4
376 414 4
604 461 4
86 937 4
461 604 4
604 461 4
1112 989 4
983 752 4
249 696 4
11 937 4
633 7 4
430 604 4
249 597 4
998 927 4
883 535 4
393 1003 4
249 615 4
49 625 4
167 833 4
49 1099 4
322 340 4
249 1099 4
461 604 4
752 983 4
322 1013 4
604 461 4
589 1059 4
296 998 4
461 604 4
296 998 4
322 1013 4
604 461 4
985 990 4
18 985 4
1099 49 4
985 7 4
985 718 4
18 985 4
985 718 4
719 786 4
508 305 4
651 213 4
18 985 4
461 392 4
535 883 4
322 1013 4
296 998 4
18 985 4
18 990 4
430 604 4
18 990 4
833 167 4
18 990 4
49 1099 4
880 401 4
985 678 4
276 604 4
18 990 4
461 604 4
276 251 4
985 678 4
625 49 4
18 990 4
219 102 4
604 461 4
883 535 4
535 883 4
430 604 4
461 604 4
473 678 4
473 833 4
357 718 4
883 535 4
357 399 4
276 604 4
357 249 4
461 338 4
337 1103 4
337 1106 4
473 41 4
473 833 4
249 357 4
983 752 4
35 0 4
251 594 4
983 752 4
251 597 4
651 821 4
473 678 4
1113 62 4
473 833 4
566 193 4
473 678 4
493 388 4
821 651 4
473 833 4
585 512 4
740 211 4
473 678 4
651 821 4
473 833 4
678 392 4
473 678 4
752 983 4
18 597 4
566 1071 4
66 937 4
833 597 4
821 651 4
651 927 4
597 833 4
598 40 4
473 833 4
651 821 4
473 678 4
833 597 4
597 833 4
833 597 4
473 678 4
821 651 4
651 321 4
276 604 4
566 1059 4
473 833 4
651 821 4
142 200 4
776 305 4
473 678 4
392 461 4
821 651 4
793 193 4
651 821 4
349 310 4
66 597 4
473 833 4
985 752 4
985 651 4
473 678 4
821 651 4
651 752 4
192 232 4
985 752 4
461 392 4
305 776 4
249 752 4
473 833 4
356 985 4
473 678 4
473 833 4
356 985 4
752 651 4
752 249 4
473 678 4
322 1013 4
985 752 4
322 631 4
356 985 4
597 541 4
473 833 4
296 998 4
249 752 4
356 782 4
1068 877 4
752 249 4
473 833 4
322 718 4
985 834 4
392 461 4
473 678 4
597 193 4
322 631 4
305 508 4
877 597 4
597 877 4
461 392 4
249 752 4
703 821 4
933 1025 4
142 249 4
703 821 4
473 678 4
338 461 4
473 833 4
322 631 4
461 338 4
818 821 4
8 770 4
752 249 4
990 985 4
1068 97 4
985 990 4
8 833 4
990 985 4
356 985 4
473 833 4
985 990 4
877 597 4
18 985 4
356 985 4
473 678 4
193 643 4
322 631 4
35 210 4
249 752 4
473 833 4
296 597 4
752 249 4
35 188 4
821 818 4
8 833 4
249 752 4
473 678 4
259 1103 4
322 631 4
752 249 4
392 461 4
990 985 4
305 1114 4
249 752 4
461 392 4
322 556 4
371 535 4
752 249 4
473 833 4
678 473 4
8 833 4
249 752 4
703 821 4
833 473 4
757 752 4
994 643 4
782 1003 4
752 757 4
752 757 4
757 752 4
276 614 4
752 249 4
392 461 4
310 349 4
249 752 4
833 752 4
752 757 4
473 678 4
8 833 4
392 371 4
8 833 4
322 631 4
757 752 4
371 392 4
752 833 4
249 1052 4
473 833 4
249 153 4
249 134 4
833 752 4
249 1025 4
703 1099 4
833 473 4
752 833 4
392 371 4
718 634 4
833 752 4
322 718 4
473 833 4
1032 436 4
371 392 4
833 473 4
752 833 4
1032 764 4
322 631 4
392 371 4
833 752 4
461 392 4
371 436 4
322 718 4
371 392 4
392 461 4
769 902 4
678 473 4
752 833 4
392 371 4
752 718 4
589 752 4
322 631 4
473 833 4
1032 1071 4
718 752 4
461 392 4
752 589 4
833 752 4
752 718 4
473 678 4
322 556 4
752 833 4
833 473 4
718 752 4
680 439 4
833 752 4
371 392 4
637 371 4
752 718 4
678 473 4
392 461 4
752 833 4
392 371 4
680 439 4
718 752 4
614 1107 4
752 718 4
769 840 4
473 833 4
461 392 4
718 752 4
680 787 4
1033 787 4
752 718 4
680 439 4
752 718 4
1032 752 4
643 718 4
752 1032 4
322 556 4
718 752 4
718 643 4
780 95 4
752 833 4
35 1032 4
371 392 4
459 541 4
637 371 4
392 461 4
554 794 4
599 713 4
392 371 4
1025 933 4
473 678 4
589 752 4
833 752 4
833 473 4
554 1046 4
678 160 4
833 473 4
1070 637 4
461 392 4
554 1046 4
473 833 4
599 926 4
678 473 4
473 678 4
1051 707 4
160 678 4
281 1070 4
599 713 4
473 678 4
833 473 4
833 473 4
678 473 4
392 461 4
1025 171 4
322 556 4
355 542 4
678 473 4
461 392 4
473 833 4
678 160 4
651 752 4
833 473 4
933 1025 4
473 678 4
1051 625 4
1051 625 4
1051 625 4
678 473 4
473 833 4
473 678 4
160 678 4
833 473 4
651 1070 4
678 160 4
371 392 4
281 1070 4
637 371 4
657 192 4
392 461 4
385 421 4
1025 933 4
392 371 4
160 678 4
322 556 4
678 160 4
249 100 4
461 392 4
11 598 4
780 1037 4
276 614 4
11 637 4
678 371 4
1103 259 4
545 371 4
1068 97 4
392 461 4
1068 97 4
545 1004 4
512 989 4
160 678 4
11 281 4
512 585 4
322 340 4
461 392 4
769 840 4
448 497 4
678 160 4
322 556 4
276 1022 4
614 1115 4
276 614 4
392 461 4
160 678 4
769 1071 4
989 512 4
461 392 4
349 310 4
637 308 4
678 160 4
637 308 4
392 461 4
322 556 4
870 782 4
640 474 4
160 678 4
276 1022 4
870 494 4
276 614 4
614 1115 4
1068 1022 4
322 67 4
281 1070 4
461 392 4
417 542 4
1004 545 4
276 614 4
322 556 4
494 883 4
494 399 4
1022 1071 4
322 556 4
276 1022 4
248 287 4
989 512 4
1100 512 4
933 1025 4
637 40 4
248 287 4
322 417 4
883 494 4
322 556 4
322 556 4
1041 783 4
1041 783 4
1041 801 4
1041 801 4
1041 801 4
651 72 4
322 340 4
11 342 4
604 72 4
276 1022 4
322 556 4
858 371 4
11 990 4
604 1022 4
315 101 4
193 643 4
858 589 4
322 556 4
197 100 4
18 524 4
322 556 4
637 639 4
1041 1055 4
1053 686 4
1041 1055 4
18 524 4
101 315 4
524 72 4
858 675 4
678 160 4
1022 604 4
276 1022 4
604 1022 4
276 614 4
1041 711 4
315 249 4
315 101 4
322 340 4
101 315 4
259 1103 4
193 589 4
1022 604 4
276 1022 4
193 1096 4
585 512 4
1096 193 4
276 614 4
604 1022 4
259 1106 4
276 1053 4
315 101 4
322 556 4
127 933 4
1022 604 4
315 776 4
503 541 4
639 1071 4
276 1022 4
1041 388 4
322 340 4
602 813 4
322 556 4
686 1053 4
173 334 4
1041 317 4
180 494 4
686 572 4
276 1022 4
322 556 4
322 340 4
503 340 4
11 990 4
180 193 4
639 1102 4
276 614 4
1041 996 4
1041 996 4
28 1071 4
276 1022 4
572 686 4
391 399 4
276 1022 4
512 989 4
589 193 4
589 834 4
72 651 4
276 614 4
72 604 4
1055 1031 4
651 72 4
1041 573 4
1055 307 4
276 1022 4
1070 597 4
559 193 4
541 597 4
541 503 4
1041 448 4
813 602 4
696 249 4
18 582 4
696 1033 4
834 589 4
276 1022 4
276 614 4
18 582 4
18 582 4
602 813 4
639 1071 4
276 614 4
276 1022 4
276 614 4
1112 597 4
276 614 4
276 1022 4
276 1022 4
276 614 4
52 249 4
791 902 4
497 494 4
696 1022 4
494 1048 4
1022 1116 4
1100 512 4
943 597 4
1022 696 4
1022 1116 4
1100 193 4
696 1022 4
421 385 4
943 193 4
696 548 4
1022 696 4
102 651 4
1022 696 4
541 548 4
541 548 4
1048 494 4
548 696 4
494 883 4
1116 1022 4
548 541 4
786 719 4
541 494 4
522 439 4
474 639 4
696 1022 4
494 180 4
494 497 4
1022 696 4
494 1048 4
686 639 4
1048 501 4
501 1048 4
1048 494 4
1022 1116 4
367 548 4
1048 501 4
494 541 4
501 1048 4
548 367 4
1048 501 4
883 494 4
501 1048 4
1022 1116 4
497 494 4
696 1022 4
501 467 4
761 401 4
376 414 4
541 494 4
41 473 4
548 829 4
1040 40 4
41 1030 4
40 1042 4
40 598 4
40 1040 4
1100 512 4
639 686 4
474 840 4
639 474 4
1059 589 4
41 482 4
1059 566 4
376 1059 4
41 1090 4
1059 421 4
1059 198 4
376 305 4
541 597 4
367 548 4
376 370 4
541 597 4
175 870 4
850 1013 4
376 47 4
1033 696 4
680 1071 4
686 639 4
696 1033 4
850 161 4
997 474 4
1033 696 4
548 367 4
251 1025 4
1100 474 4
1033 1117 4
639 686 4
1117 1033 4
541 1068 4
1033 1117 4
1033 696 4
1100 474 4
1117 1033 4
1033 1117 4
696 1033 4
376 342 4
1117 1033 4
421 1059 4
1033 1117 4
1117 1033 4
840 791 4
840 474 4
1033 1117 4
474 840 4
1117 1033 4
474 840 4
840 474 4
1033 1117 4
474 840 4
1117 1033 4
1033 1117 4
1117 1033 4
1033 1117 4
1117 1033 4
1033 1117 4
1117 1033 4
639 1061 4
1117 639 4
639 1117 4
1033 1117 4
1117 1033 4
1117 639 4
639 1117 4
1033 1117 4
639 1117 4
1117 639 4
1117 1033 4
639 1117 4
1117 639 4
1033 1117 4
639 1117 4
71 1038 4
1117 639 4
1003 782 4
782 1003 4
598 40 4
678 902 4
840 902 4
840 102 4
213 1116 4
616 680 4
482 41 4
637 40 4
937 86 4
341 637 4
198 1059 4
429 31 4
820 474 4
66 1033 4
429 62 4
127 572 4
366 87 4
508 305 4
508 453 4
508 582 4
599 308 4
625 737 4
508 1116 4
599 631 4
599 926 4
703 821 4
508 974 4
508 1110 4
508 1102 4
295 171 4
535 371 4
535 883 4
341 637 4
1112 535 4
40 598 4
1106 259 4
31 637 4
542 417 4
31 545 4
66 606 4
66 900 4
66 927 4
1112 535 4
31 1041 4
1068 541 4
1068 558 4
1068 558 4
1112 535 4
2 370 4
2 497 4
2 589 4
1041 336 4
1041 31 4
1041 31 4
1118 1025 4
1041 31 4
1041 31 4
1041 31 4
737 625 4
1041 31 4
104 1067 4
62 846 4
711 1041 4
1041 31 4
1041 711 4
401 761 4
404 949 4
404 249 4
404 776 4
1068 307 4
597 541 4
438 211 4
1041 711 4
387 637 4
651 282 4
1119 544 4
482 582 4
1119 544 4
1025 251 4
494 1048 4
424 764 4
625 737 4
494 883 4
494 497 4
1053 276 4
444 613 4
494 541 4
776 404 4
983 752 4
764 424 4
786 719 4
604 72 4
719 786 4
989 512 4
316 678 4
2 497 4
8 31 4
68 1033 4
232 192 4
550 1018 4
497 494 4
316 1110 4
582 282 4
1068 307 4
142 200 4
142 761 4
1044 71 4
1044 71 4
1118 1025 4
336 1041 4
341 543 4
833 141 4
833 1023 4
341 597 4
295 198 4
295 444 4
1102 639 4
295 294 4
949 404 4
296 262 4
276 1053 4
295 543 4
295 543 4
295 515 4
35 1032 4
35 188 4
1020 1103 4
8 281 4
1116 1022 4
8 281 4
8 31 4
223 174 4
249 404 4
8 281 4
8 281 4
66 927 4
643 96 4
96 643 4
96 643 4
1068 316 4
8 31 4
8 281 4
8 31 4
8 31 4
8 31 4
1022 1116 4
614 276 4
8 281 4
1022 276 4
643 96 4
1022 276 4
1022 276 4
8 281 4
141 1120 4
141 1120 4
141 1120 4
1120 141 4
1120 141 4
141 1120 4
544 1046 4
8 281 4
8 141 4
8 281 4
305 1116 4
31 682 4
305 1121 4
682 31 4
31 682 4
8 281 4
682 31 4
356 987 4
31 682 4
682 31 4
251 96 4
8 281 4
682 31 4
444 295 4
31 682 4
31 682 4
682 31 4
682 31 4
8 281 4
31 682 4
545 31 4
31 545 4
8 682 4
8 682 4
8 281 4
295 444 4
682 31 4
545 31 4
8 682 4
8 281 4
31 682 4
31 545 4
251 1025 4
682 31 4
31 316 4
31 682 4
31 316 4
86 501 4
682 31 4
31 682 4
86 653 4
148 678 4
1116 305 4
1116 1022 4
682 31 4
653 86 4
324 531 4
1117 559 4
559 1117 4
31 643 4
1117 559 4
31 597 4
1122 1035 4
559 62 4
559 1117 4
1117 559 4
372 637 4
597 522 4
316 332 4
1112 308 4
559 597 4
979 597 4
678 148 4
304 474 4
1112 308 4
979 637 4
1112 535 4
1112 308 4
780 754 4
322 1123 4
322 1035 4
597 979 4
597 559 4
322 67 4
597 31 4
1112 608 4
597 341 4
308 1124 4
1112 308 4
597 877 4
597 1070 4
597 249 4
597 1069 4
703 821 4
597 324 4
100 197 4
25 678 4
71 1044 4
1112 308 4
1123 71 4
324 597 4
1112 535 4
18 526 4
1003 193 4
594 307 4
559 597 4
71 1123 4
678 25 4
203 1069 4
8 787 4
8 1120 4
203 776 4
203 249 4
1038 71 4
1025 251 4
376 1116 4
324 1048 4
71 1038 4
1112 535 4
376 813 4
192 657 4
1038 71 4
376 754 4
522 597 4
376 754 4
703 821 4
251 1025 4
1112 535 4
324 1071 4
322 1123 4
1125 288 4
1112 535 4
72 651 4
1125 288 4
1112 535 4
72 604 4
852 1033 4
71 1038 4
473 41 4
473 833 4
1033 852 4
1112 535 4
1041 336 4
1112 535 4
336 1041 4
985 780 4
1041 336 4
985 174 4
248 287 4
937 66 4
1038 71 4
248 287 4
71 1038 4
8 251 4
31 280 4
315 725 4
280 31 4
31 280 4
280 31 4
1038 71 4
280 31 4
31 280 4
31 280 4
280 31 4
280 31 4
1112 308 4
480 678 4
678 480 4
31 280 4
480 678 4
31 280 4
71 1038 4
678 480 4
301 556 4
480 585 4
480 678 4
585 480 4
678 480 4
524 154 4
102 555 4
66 448 4
35 102 4
35 188 4
1048 324 4
35 1032 4
597 522 4
35 1126 4
249 597 4
35 188 4
66 1102 4
249 1117 4
35 102 4
865 202 4
127 249 4
1117 249 4
249 1117 4
1117 249 4
154 524 4
102 982 4
35 188 4
102 840 4
597 249 4
127 249 4
25 678 4
858 640 4
979 597 4
438 211 4
1022 1116 4
249 1117 4
953 952 4
985 18 4
62 559 4
953 651 4
35 188 4
1127 1033 4
597 979 4
597 559 4
597 324 4
1033 1117 4
597 541 4
35 188 4
686 366 4
301 768 4
249 1067 4
249 953 4
366 686 4
102 1117 4
1117 249 4
1117 1033 4
1117 102 4
102 1117 4
249 1117 4
597 366 4
366 597 4
1071 324 4
833 1117 4
96 643 4
96 251 4
712 341 4
1117 102 4
712 40 4
1117 833 4
608 1055 4
35 188 4
608 835 4
1067 249 4
608 150 4
608 1025 4
1117 307 4
482 678 4
482 41 4
41 1128 4
833 1117 4
35 188 4
43 18 4
41 678 4
482 678 4
482 41 4
678 41 4
188 143 4
41 678 4
678 41 4
102 1117 4
482 678 4
482 41 4
761 401 4
566 543 4
43 188 4
41 639 4
639 41 4
482 678 4
41 482 4
41 639 4
482 41 4
639 41 4
11 568 4
482 678 4
43 188 4
476 525 4
251 96 4
864 62 4
322 67 4
322 366 4
757 761 4
482 678 4
757 680 4
680 757 4
322 366 4
680 757 4
322 87 4
324 1048 4
324 597 4
757 680 4
494 497 4
482 678 4
322 87 4
680 757 4
11 568 4
322 366 4
322 864 4
322 366 4
757 680 4
680 757 4
757 680 4
249 1067 4
322 87 4
968 989 4
67 494 4
322 67 4
436 1032 4
482 678 4
968 548 4
322 67 4
113 249 4
414 1120 4
322 366 4
322 67 4
651 72 4
651 953 4
33 1129 4
322 87 4
322 67 4
1051 625 4
322 366 4
113 249 4
324 1071 4
33 281 4
840 102 4
989 968 4
322 366 4
482 678 4
322 67 4
322 366 4
792 1130 4
497 494 4
678 482 4
322 67 4
597 324 4
482 678 4
703 821 4
792 340 4
792 1130 4
792 949 4
324 597 4
322 366 4
253 597 4
792 1092 4
322 67 4
322 366 4
322 556 4
62 864 4
322 67 4
1071 324 4
322 366 4
761 757 4
1071 877 4
322 556 4
322 366 4
33 287 4
723 522 4
322 67 4
482 33 4
324 1071 4
174 223 4
1071 324 4
376 287 4
864 62 4
322 366 4
1131 324 4
322 556 4
1067 249 4
322 67 4
66 31 4
322 366 4
322 864 4
376 31 4
249 1067 4
324 1071 4
1086 1130 4
1127 1033 4
316 604 4
1131 1092 4
102 840 4
1131 1092 4
1131 324 4
322 864 4
322 67 4
322 249 4
322 556 4
316 604 4
322 249 4
604 316 4
316 604 4
703 1130 4
33 188 4
322 249 4
322 556 4
280 31 4
840 102 4
188 33 4
62 864 4
322 67 4
322 249 4
322 556 4
439 1102 4
287 33 4
1042 96 4
322 249 4
1038 71 4
322 556 4
307 1117 4
322 67 4
18 1132 4
1032 436 4
18 1130 4
822 497 4
18 1129 4
49 1130 4
439 522 4
71 1038 4
482 33 4
482 678 4
307 1117 4
595 604 4
113 249 4
597 572 4
1038 71 4
599 308 4
322 249 4
864 62 4
211 288 4
703 1130 4
307 594 4
322 67 4
322 556 4
33 188 4
113 249 4
18 1130 4
572 597 4
1126 143 4
1130 49 4
1067 249 4
599 979 4
316 991 4
113 249 4
49 1130 4
439 1130 4
316 476 4
990 1093 4
249 1067 4
991 316 4
1130 439 4
71 1038 4
322 556 4
322 67 4
994 41 4
113 249 4
439 1130 4
1130 439 4
322 67 4
322 556 4
1126 448 4
322 67 4
249 1067 4
322 556 4
448 1126 4
113 249 4
1038 71 4
31 280 4
322 556 4
71 1038 4
113 249 4
322 67 4
183 1025 4
439 1130 4
280 31 4
31 280 4
322 556 4
594 307 4
322 67 4
280 31 4
31 280 4
1033 31 4
31 1033 4
1131 31 4
102 840 4
604 31 4
31 604 4
31 604 4
1131 31 4
604 31 4
113 102 4
604 31 4
633 7 4
31 604 4
333 428 4
322 556 4
322 67 4
253 377 4
31 604 4
1131 31 4
604 31 4
604 31 4
1048 324 4
113 249 4
482 678 4
18 1131 4
791 307 4
482 33 4
531 211 4
1128 41 4
686 597 4
18 1131 4
453 508 4
211 531 4
307 791 4
1067 249 4
211 531 4
322 556 4
249 1067 4
597 686 4
541 494 4
211 589 4
531 211 4
990 1093 4
703 604 4
322 556 4
556 925 4
211 438 4
789 734 4
211 531 4
424 764 4
322 556 4
104 1038 4
211 1053 4
104 262 4
104 336 4
1126 448 4
104 625 4
322 556 4
104 631 4
322 1035 4
104 453 4
104 1038 4
104 562 4
104 249 4
104 813 4
703 31 4
104 723 4
104 678 4
322 556 4
104 211 4
104 1131 4
322 104 4
104 1133 4
686 597 4
104 366 4
703 604 4
541 1068 4
497 1134 4
322 556 4
512 989 4
1099 497 4
703 604 4
49 585 4
616 703 4
643 96 4
686 1096 4
616 643 4
512 1100 4
616 102 4
1135 49 4
544 307 4
49 1135 4
322 556 4
1135 49 4
512 513 4
512 387 4
316 991 4
664 352 4
102 616 4
322 556 4
322 104 4
180 494 4
104 387 4
322 104 4
833 7 4
589 211 4
589 1018 4
307 544 4
1135 180 4
957 958 4
589 680 4
322 556 4
387 794 4
604 439 4
513 512 4
513 589 4
957 703 4
589 513 4
604 180 4
322 556 4
513 589 4
513 387 4
589 513 4
322 556 4
626 589 4
703 957 4
513 589 4
626 387 4
703 604 4
305 387 4
604 703 4
1130 439 4
387 305 4
387 626 4
982 984 4
703 604 4
387 513 4
604 703 4
703 604 4
604 703 4
1038 131 4
513 1101 4
957 703 4
626 387 4
703 604 4
1051 707 4
1001 272 4
594 171 4
776 453 4
1110 316 4
703 957 4
1038 800 4
322 556 4
322 67 4
72 651 4
604 703 4
322 67 4
322 284 4
307 162 4
322 284 4
938 1091 4
725 96 4
322 284 4
938 379 4
703 604 4
938 58 4
1055 686 4
387 626 4
703 604 4
604 703 4
322 284 4
792 949 4
322 67 4
734 789 4
953 249 4
599 778 4
938 830 4
1001 100 4
938 1039 4
322 284 4
953 651 4
703 604 4
938 1049 4
322 556 4
167 833 4
604 703 4
938 854 4
938 812 4
938 812 4
322 72 4
307 372 4
703 604 4
938 465 4
957 703 4
316 1110 4
322 67 4
595 589 4
482 33 4
938 976 4
1067 249 4
545 1136 4
938 764 4
604 703 4
703 957 4
938 1020 4
703 604 4
322 556 4
711 1041 4
938 706 4
752 589 4
938 814 4
938 1137 4
604 703 4
938 1102 4
752 651 4
938 536 4
703 604 4
696 718 4
985 7 4
985 253 4
752 983 4
626 387 4
1117 307 4
131 1038 4
322 67 4
171 594 4
429 31 4
31 1131 4
211 626 4
52 1138 4
31 703 4
752 1099 4
703 31 4
718 696 4
604 31 4
211 104 4
31 703 4
604 31 4
626 211 4
430 604 4
1117 833 4
322 556 4
616 102 4
296 597 4
833 167 4
322 67 4
1110 316 4
604 31 4
833 1117 4
1041 711 4
430 604 4
211 626 4
604 31 4
322 67 4
703 31 4
696 718 4
296 998 4
430 616 4
776 604 4
31 703 4
957 703 4
322 556 4
718 696 4
249 953 4
604 31 4
307 1117 4
703 31 4
249 1067 4
249 957 4
1117 307 4
1067 249 4
1117 833 4
307 1117 4
800 1038 4
1117 307 4
47 682 4
833 1117 4
249 1067 4
769 1117 4
703 957 4
404 776 4
1067 249 4
404 949 4
604 336 4
404 249 4
808 481 4
307 1041 4
1041 307 4
1041 307 4
249 404 4
1041 711 4
1117 769 4
696 718 4
1117 769 4
43 769 4
1068 541 4
585 1135 4
31 703 4
616 102 4
957 703 4
866 720 4
1109 657 4
280 262 4
280 331 4
280 253 4
595 723 4
280 307 4
280 336 4
830 938 4
711 1041 4
1139 280 4
377 253 4
18 1131 4
703 957 4
616 833 4
678 316 4
718 696 4
713 459 4
914 700 4
307 1041 4
307 280 4
62 813 4
764 424 4
713 927 4
757 761 4
18 1129 4
696 718 4
280 307 4
543 566 4
308 1138 4
356 1117 4
356 1117 4
473 308 4
367 1020 4
356 658 4
66 1131 4
877 1071 4
356 1117 4
66 1136 4
356 1117 4
643 616 4
356 1117 4
643 480 4
616 643 4
218 718 4
356 1117 4
757 711 4
643 616 4
643 616 4
280 307 4
356 1117 4
616 643 4
356 1117 4
616 643 4
723 595 4
438 211 4
813 62 4
616 73 4
1051 174 4
322 556 4
376 342 4
633 7 4
322 72 4
376 31 4
1112 782 4
127 249 4
296 998 4
160 678 4
678 160 4
1051 1117 4
160 678 4
219 223 4
219 833 4
678 160 4
104 211 4
678 791 4
211 438 4
1049 938 4
160 678 4
616 102 4
104 643 4
1051 1117 4
104 481 4
491 1104 4
104 715 4
62 813 4
376 1121 4
1071 324 4
104 131 4
1051 1117 4
497 494 4
104 100 4
104 992 4
104 1049 4
104 602 4
197 100 4
678 160 4
616 833 4
1051 1117 4
313 541 4
104 338 4
104 89 4
104 154 4
757 1022 4
104 989 4
322 1035 4
104 782 4
786 678 4
313 371 4
104 1099 4
104 1140 4
8 313 4
104 1130 4
678 786 4
160 678 4
1041 307 4
144 1041 4
482 33 4
674 461 4
104 1116 4
616 102 4
104 1141 4
317 1041 4
104 1129 4
678 160 4
11 342 4
770 397 4
104 1101 4
104 1104 4
1051 1117 4
1041 711 4
754 780 4
104 1124 4
104 1098 4
104 1102 4
974 508 4
616 102 4
104 1110 4
117 192 4
104 1099 4
324 1071 4
397 770 4
770 397 4
324 1068 4
104 1142 4
144 608 4
104 1143 4
421 307 4
104 1133 4
104 1144 4
938 830 4
104 1145 4
160 678 4
1068 324 4
397 770 4
104 1128 4
397 770 4
104 1123 4
104 1121 4
616 102 4
11 342 4
104 1138 4
104 1122 4
117 193 4
974 143 4
938 1049 4
104 1146 4
104 1147 4
104 1148 4
104 1115 4
104 1149 4
104 1150 4
104 1147 4
1039 938 4
104 1103 4
104 1106 4
474 1102 4
104 1107 4
104 1151 4
791 678 4
322 1035 4
117 192 4
11 342 4
104 643 4
513 438 4
104 208 4
104 307 4
104 991 4
104 31 4
117 100 4
989 512 4
104 639 4
11 1152 4
104 597 4
1102 938 4
104 682 4
1102 439 4
1153 880 4
11 813 4
678 791 4
678 160 4
637 372 4
104 522 4
637 387 4
637 31 4
686 1055 4
11 342 4
1117 1051 4
104 40 4
453 776 4
388 1041 4
324 1068 4
388 508 4
11 388 4
1068 324 4
813 62 4
589 595 4
253 377 4
791 678 4
142 162 4
376 754 4
142 200 4
11 342 4
778 637 4
376 342 4
11 813 4
637 778 4
387 637 4
11 388 4
678 791 4
253 1102 4
71 1138 4
595 589 4
376 342 4
62 813 4
62 813 4
104 71 4
104 700 4
376 342 4
548 968 4
559 597 4
35 1032 4
35 1126 4
696 486 4
11 342 4
791 678 4
11 342 4
486 696 4
307 421 4
538 1102 4
1154 337 4
52 415 4
813 62 4
1068 324 4
11 342 4
678 791 4
203 497 4
104 637 4
11 388 4
35 104 4
813 62 4
104 474 4
11 813 4
104 95 4
11 307 4
11 342 4
1049 938 4
376 271 4
11 388 4
35 104 4
62 813 4
674 461 4
11 342 4
52 342 4
11 307 4
35 524 4
11 296 4
62 813 4
474 104 4
462 686 4
35 104 4
462 1003 4
11 307 4
883 535 4
421 307 4
1040 74 4
883 494 4
52 342 4
1040 40 4
875 686 4
11 342 4
104 474 4
307 421 4
462 468 4
52 342 4
11 307 4
1068 324 4
468 462 4
462 251 4
104 174 4
104 7 4
1068 324 4
104 62 4
462 468 4
104 143 4
875 1090 4
468 462 4
104 623 4
104 1032 4
104 1155 4
11 342 4
104 1156 4
11 307 4
11 388 4
104 392 4
104 674 4
371 313 4
104 1033 4
104 1152 4
462 468 4
104 1035 4
1071 324 4
104 595 4
104 883 4
104 673 4
813 62 4
104 403 4
468 462 4
393 1110 4
104 539 4
104 486 4
421 307 4
388 241 4
11 342 4
703 1140 4
388 829 4
1022 757 4
11 307 4
62 813 4
11 388 4
376 271 4
1157 497 4
497 1157 4
468 462 4
79 462 4
468 805 4
1157 324 4
11 307 4
1040 79 4
79 1040 4
1157 497 4
1069 597 4
11 388 4
102 1071 4
713 283 4
813 62 4
11 342 4
324 1068 4
102 840 4
1040 79 4
324 1071 4
62 813 4
11 307 4
1040 545 4
1071 102 4
79 1040 4
813 62 4
262 280 4
377 253 4
1040 79 4
18 526 4
62 813 4
436 1032 4
512 989 4
1092 1131 4
233 182 4
377 395 4
949 404 4
18 524 4
512 317 4
524 18 4
1112 436 4
710 590 4
439 1096 4
1158 562 4
459 713 4
968 989 4
340 1131 4
545 1040 4
1109 307 4
1040 545 4
1030 41 4
474 467 4
680 616 4
83 1102 4
1112 793 4
52 1100 4
41 1138 4
1112 793 4
686 462 4
41 639 4
41 1030 4
41 482 4
1112 793 4
545 1040 4
1112 293 4
1112 395 4
1112 296 4
494 67 4
494 497 4
1112 1159 4
494 541 4
1112 494 4
494 180 4
494 497 4
1112 388 4
539 494 4
1096 439 4
494 883 4
251 462 4
494 539 4
539 494 4
1096 686 4
494 539 4
190 1130 4
1096 190 4
1112 494 4
968 548 4
190 1096 4
1096 190 4
994 41 4
1112 606 4
422 276 4
190 494 4
497 494 4
1070 597 4
494 497 4
994 104 4
1112 1160 4
1088 881 4
1112 927 4
821 703 4
1112 782 4
1112 738 4
1112 436 4
1112 494 4
190 395 4
1112 927 4
927 713 4
480 643 4
480 331 4
1112 927 4
1112 436 4
1112 41 4
672 723 4
1032 104 4
548 968 4
41 789 4
672 724 4
377 497 4
1112 436 4
1112 672 4
1112 927 4
1112 436 4
1112 672 4
1112 436 4
686 1096 4
1112 672 4
1096 686 4
1112 927 4
686 1096 4
814 938 4
539 666 4
539 666 4
673 1099 4
938 1102 4
494 1112 4
494 190 4
494 497 4
545 494 4
1032 436 4
1112 494 4
1003 907 4
1112 773 4
1003 276 4
1003 782 4
1003 1031 4
1003 686 4
1003 1031 4
686 1003 4
686 752 4
1057 1141 4
535 883 4
1120 414 4
776 404 4
776 453 4
341 637 4
153 356 4
341 318 4
401 761 4
711 757 4
711 1041 4
249 127 4
414 1120 4
696 486 4
597 1070 4
597 1069 4
31 637 4
66 1102 4
1126 653 4
678 452 4
66 342 4
748 172 4
1126 1136 4
1126 122 4
1126 970 4
1025 251 4
1126 404 4
1126 264 4
653 1126 4
208 597 4
336 604 4
1119 305 4
397 259 4
738 780 4
40 1040 4
1125 288 4
1069 597 4
453 776 4
316 678 4
66 1038 4
142 200 4
780 738 4
52 738 4
712 949 4
712 544 4
52 249 4
31 697 4
780 49 4
341 318 4
223 174 4
666 539 4
287 1161 4
223 861 4
1161 287 4
223 838 4
104 1032 4
439 1096 4
594 171 4
1161 26 4
1131 340 4
287 1161 4
526 18 4
1161 287 4
1161 26 4
989 968 4
35 524 4
35 1126 4
35 1032 4
482 192 4
482 41 4
625 585 4
585 625 4
625 589 4
49 780 4
585 625 4
585 625 4
813 602 4
949 1130 4
839 1030 4
497 494 4
839 175 4
497 377 4
430 839 4
67 494 4
180 494 4
604 180 4
430 604 4
430 604 4
589 1143 4
430 604 4
430 604 4
430 604 4
430 604 4
852 1033 4
430 604 4
497 494 4
462 468 4
757 711 4
462 468 4
757 1022 4
462 79 4
462 686 4
462 251 4
175 839 4
26 1161 4
597 1069 4
49 754 4
341 1038 4
395 377 4
8 176 4
508 1102 4
508 453 4
508 453 4
508 388 4
724 672 4
341 1038 4
782 1003 4
117 1069 4
66 937 4
66 1038 4
287 1161 4
341 1038 4
251 462 4
1030 839 4
1030 41 4
1030 839 4
476 316 4
508 1038 4
40 1162 4
322 72 4
539 666 4
322 1163 4
686 462 4
1162 40 4
678 316 4
40 1162 4
41 1030 4
40 1040 4
1162 40 4
66 1038 4
11 414 4
251 96 4
424 764 4
556 925 4
66 1038 4
66 1038 4
686 604 4
130 313 4
388 508 4
66 1038 4
1003 686 4
1102 938 4
616 727 4
829 388 4
616 680 4
616 965 4
251 1102 4
1102 251 4
251 1102 4
337 342 4
2 316 4
925 556 4
342 337 4
341 1038 4
104 653 4
104 313 4
104 331 4
833 1129 4
653 104 4
253 377 4
602 813 4
104 653 4
1046 544 4
1103 1020 4
104 342 4
104 1050 4
251 104 4
104 937 4
104 937 4
937 66 4
430 604 4
430 604 4
430 604 4
430 726 4
430 604 4
430 726 4
203 776 4
203 249 4
430 604 4
190 1048 4
1096 686 4
1096 439 4
839 175 4
839 308 4
620 923 4
686 1096 4
1048 190 4
1096 190 4
482 192 4
316 476 4
316 678 4
839 351 4
839 316 4
678 316 4
316 839 4
839 316 4
839 316 4
316 678 4
678 316 4
666 539 4
190 1096 4
316 678 4
1053 276 4
1053 211 4
1044 653 4
541 494 4
332 316 4
1164 840 4
316 332 4
554 1116 4
332 316 4
1119 407 4
407 589 4
852 880 4
513 839 4
8 597 4
535 531 4
604 733 4
66 1038 4
733 604 4
513 852 4
66 342 4
1069 597 4
657 192 4
604 733 4
733 604 4
66 1038 4
657 1109 4
839 513 4
604 733 4
829 839 4
554 1116 4
733 604 4
541 1069 4
66 1038 4
604 733 4
733 604 4
1038 66 4
604 733 4
733 1022 4
733 604 4
614 276 4
8 597 4
332 316 4
1031 839 4
305 407 4
1165 1033 4
276 614 4
733 604 4
604 733 4
839 1031 4
71 678 4
316 332 4
1031 839 4
614 276 4
839 1031 4
1031 839 4
1033 1165 4
839 1031 4
1031 839 4
531 535 4
839 1031 4
883 535 4
1031 839 4
1106 1011 4
535 883 4
535 531 4
253 1038 4
883 535 4
1059 198 4
839 1031 4
1031 839 4
253 653 4
883 494 4
535 883 4
308 839 4
188 711 4
332 316 4
883 535 4
316 332 4
332 316 4
535 883 4
883 535 4
332 316 4
341 1038 4
535 883 4
1038 253 4
608 970 4
883 535 4
816 345 4
535 883 4
883 535 4
253 1038 4
62 813 4
535 883 4
883 535 4
535 883 4
883 535 4
414 1120 4
414 996 4
35 188 4
404 249 4
535 883 4
404 949 4
494 545 4
404 776 4
1068 316 4
494 497 4
822 497 4
883 535 4
535 883 4
414 839 4
494 67 4
8 281 4
494 180 4
494 497 4
678 71 4
883 535 4
494 541 4
535 883 4
1033 310 4
497 494 4
494 883 4
494 497 4
494 814 4
585 494 4
497 494 4
653 253 4
497 830 4
653 1044 4
678 719 4
651 953 4
682 678 4
497 494 4
497 494 4
883 535 4
535 883 4
1031 782 4
813 602 4
678 682 4
883 494 4
883 535 4
839 414 4
651 752 4
301 154 4
653 301 4
322 1035 4
301 653 4
830 497 4
782 1031 4
535 883 4
388 829 4
883 535 4
535 883 4
883 535 4
535 883 4
883 535 4
724 839 4
535 883 4
883 839 4
883 535 4
336 351 4
497 830 4
1042 839 4
778 474 4
535 883 4
154 301 4
1020 938 4
301 154 4
1020 1103 4
322 965 4
883 535 4
41 352 4
104 757 4
154 301 4
535 883 4
883 535 4
301 154 4
1069 541 4
535 883 4
907 1003 4
11 414 4
883 535 4
703 1130 4
11 925 4
535 883 4
883 535 4
703 957 4
154 301 4
822 497 4
535 883 4
301 154 4
883 535 4
684 127 4
371 568 4
1096 190 4
535 883 4
991 544 4
447 830 4
545 494 4
447 453 4
711 188 4
883 535 4
453 447 4
541 1069 4
1112 494 4
554 1166 4
104 497 4
541 494 4
497 104 4
104 738 4
104 497 4
678 953 4
953 249 4
322 778 4
953 651 4
953 678 4
188 711 4
497 104 4
568 371 4
953 678 4
839 1042 4
104 497 4
104 703 4
497 104 4
597 1069 4
597 208 4
597 559 4
104 497 4
248 71 4
345 816 4
1167 519 4
8 597 4
71 248 4
307 332 4
71 1038 4
616 965 4
438 513 4
816 345 4
322 366 4
616 680 4
436 1032 4
102 1071 4
616 703 4
102 953 4
829 388 4
616 72 4
1112 436 4
332 307 4
546 1168 4
1168 546 4
1086 340 4
1135 738 4
1135 18 4
1135 585 4
322 366 4
1135 305 4
307 280 4
653 301 4
317 512 4
830 497 4
830 447 4
322 366 4
616 703 4
322 366 4
322 366 4
345 816 4
1096 1169 4
322 366 4
1003 907 4
322 366 4
366 322 4
1135 585 4
322 1035 4
535 531 4
1135 47 4
322 366 4
276 814 4
322 752 4
295 198 4
366 322 4
447 453 4
422 535 4
447 830 4
8 597 4
559 597 4
295 1082 4
377 497 4
322 366 4
366 322 4
322 366 4
377 253 4
616 703 4
366 322 4
322 366 4
366 322 4
322 366 4
366 322 4
96 725 4
322 366 4
175 839 4
366 322 4
322 366 4
366 322 4
322 366 4
72 616 4
597 559 4
198 295 4
703 616 4
142 200 4
366 322 4
198 1059 4
198 295 4
322 366 4
366 322 4
1131 724 4
322 366 4
100 197 4
203 776 4
1131 949 4
1082 295 4
366 322 4
480 585 4
322 366 4
366 322 4
1135 1131 4
585 480 4
480 585 4
996 414 4
439 1096 4
585 480 4
322 366 4
513 438 4
949 1131 4
322 1005 4
371 568 4
366 322 4
198 568 4
371 453 4
198 970 4
322 366 4
40 1162 4
366 322 4
322 366 4
366 322 4
322 366 4
371 752 4
1041 388 4
414 839 4
1135 28 4
1041 711 4
711 1041 4
198 839 4
371 1162 4
497 830 4
371 481 4
1041 711 4
497 377 4
322 366 4
711 1041 4
1041 317 4
616 72 4
585 615 4
262 448 4
1041 711 4
429 31 4
733 604 4
429 62 4
733 616 4
366 322 4
219 223 4
1069 597 4
616 733 4
322 752 4
733 616 4
322 366 4
429 856 4
616 733 4
1071 102 4
429 31 4
1003 1102 4
1003 1071 4
733 616 4
678 1082 4
429 597 4
616 733 4
733 616 4
198 597 4
366 322 4
430 616 4
366 322 4
616 733 4
696 869 4
733 616 4
336 271 4
733 616 4
336 262 4
616 733 4
869 696 4
341 1038 4
271 336 4
271 336 4
703 616 4
198 508 4
322 366 4
938 1020 4
696 869 4
174 223 4
366 322 4
8 1131 4
8 1131 4
301 653 4
1003 59 4
8 1131 4
1017 40 4
322 366 4
776 404 4
40 1017 4
198 1138 4
1017 40 4
519 1167 4
754 49 4
616 1170 4
40 1017 4
1003 301 4
1017 40 4
243 141 4
1017 696 4
301 1003 4
7 31 4
40 1017 4
1003 301 4
696 1017 4
1112 436 4
341 1038 4
653 301 4
1171 1172 4
301 653 4
653 301 4
301 653 4
522 307 4
880 852 4
1017 1172 4
301 1173 4
653 301 4
301 653 4
653 301 4
476 316 4
1136 1126 4
66 682 4
696 468 4
497 104 4
476 525 4
468 696 4
1112 100 4
653 497 4
497 653 4
497 653 4
422 1038 4
1127 1033 4
653 497 4
568 371 4
653 497 4
497 653 4
653 497 4
497 377 4
1042 453 4
949 839 4
776 907 4
453 1042 4
1173 301 4
1042 453 4
1135 949 4
1017 696 4
711 1041 4
637 104 4
1042 453 4
839 175 4
839 198 4
839 949 4
637 1174 4
1109 657 4
192 301 4
8 616 4
375 211 4
855 121 4
301 192 4
535 422 4
855 1175 4
637 725 4
535 883 4
453 1042 4
262 336 4
637 589 4
307 522 4
855 6 4
883 535 4
724 1131 4
637 461 4
1112 839 4
637 725 4
1042 453 4
211 375 4
192 657 4
211 5 4
1112 839 4
453 1042 4
175 839 4
211 5 4
1135 49 4
395 190 4
1112 839 4
1042 453 4
1112 814 4
377 497 4
395 399 4
1033 710 4
377 395 4
719 678 4
725 991 4
535 883 4
482 192 4
395 377 4
637 725 4
637 461 4
637 880 4
883 535 4
8 141 4
651 953 4
482 192 4
497 377 4
839 141 4
120 494 4
531 535 4
377 395 4
678 719 4
377 395 4
880 497 4
637 461 4
377 497 4
535 531 4
497 880 4
725 307 4
497 377 4
31 7 4
535 883 4
307 725 4
637 461 4
307 421 4
414 996 4
531 535 4
102 616 4
67 494 4
535 531 4
377 497 4
341 1038 4
322 556 4
637 725 4
322 1035 4
1131 949 4
280 307 4
395 377 4
322 631 4
395 377 4
296 1000 4
531 535 4
752 651 4
752 686 4
395 377 4
322 752 4
637 1123 4
680 616 4
1000 296 4
1131 724 4
637 752 4
883 535 4
102 839 4
296 1000 4
377 395 4
752 637 4
680 757 4
497 377 4
560 1174 4
535 883 4
535 531 4
637 752 4
341 637 4
1086 340 4
322 338 4
377 395 4
395 377 4
322 556 4
1022 733 4
253 653 4
719 678 4
296 1000 4
253 377 4
1086 594 4
322 556 4
680 512 4
839 102 4
1044 653 4
29 160 4
322 556 4
29 678 4
248 296 4
1112 637 4
296 1000 4
322 556 4
482 192 4
377 253 4
839 253 4
1086 594 4
738 104 4
67 637 4
377 395 4
377 395 4
1112 395 4
738 780 4
322 556 4
377 497 4
560 1176 4
725 637 4
395 377 4
322 556 4
296 639 4
1112 395 4
482 192 4
322 556 4
377 395 4
395 377 4
331 839 4
883 535 4
1092 340 4
33 312 4
535 883 4
307 280 4
192 482 4
395 377 4
248 597 4
322 752 4
331 280 4
280 307 4
280 331 4
522 307 4
307 280 4
102 839 4
141 839 4
482 192 4
883 535 4
377 395 4
331 280 4
497 377 4
331 280 4
377 395 4
141 8 4
280 307 4
377 497 4
141 839 4
1092 1130 4
280 331 4
453 1042 4
248 317 4
377 192 4
331 280 4
307 522 4
307 280 4
307 332 4
395 377 4
1042 453 4
192 377 4
322 556 4
1177 585 4
280 307 4
395 377 4
682 66 4
280 331 4
307 280 4
535 883 4
395 585 4
395 377 4
331 280 4
839 331 4
839 141 4
280 307 4
604 276 4
585 395 4
276 604 4
307 280 4
280 331 4
280 307 4
869 839 4
869 839 4
280 331 4
198 839 4
1135 1131 4
377 585 4
1135 738 4
141 839 4
1135 305 4
395 585 4
307 280 4
377 395 4
453 1042 4
377 395 4
280 307 4
585 377 4
331 280 4
395 377 4
585 395 4
377 192 4
307 280 4
253 839 4
210 524 4
585 395 4
377 395 4
210 102 4
1038 253 4
474 869 4
253 377 4
395 585 4
395 585 4
839 141 4
8 1131 4
395 377 4
253 1038 4
585 395 4
280 331 4
141 839 4
597 248 4
869 474 4
377 395 4
377 585 4
597 1069 4
377 395 4
377 253 4
585 377 4
686 408 4
497 752 4
678 719 4
377 585 4
686 638 4
678 29 4
765 180 4
18 210 4
102 210 4
985 253 4
765 371 4
8 597 4
198 594 4
5 200 4
842 61 4
322 141 4
752 1043 4
752 1043 4
703 5 4
253 377 4
5 793 4
985 253 4
1038 253 4
322 340 4
585 377 4
1042 453 4
595 1178 4
453 1042 4
5 1179 4
1179 5 4
522 307 4
883 535 4
604 276 4
1042 453 4
377 253 4
5 1179 4
141 1120 4
377 585 4
1032 436 4
985 253 4
1179 5 4
331 280 4
453 1042 4
276 604 4
535 883 4
5 89 4
253 1038 4
253 377 4
703 5 4
985 253 4
377 253 4
1179 1030 4
188 711 4
554 801 4
604 276 4
585 377 4
703 1180 4
89 5 4
276 604 4
545 453 4
1042 453 4
1068 877 4
703 1180 4
453 545 4
1038 253 4
453 1042 4
604 276 4
711 188 4
703 5 4
276 604 4
421 307 4
322 641 4
703 1180 4
253 1038 4
678 49 4
1042 453 4
253 377 4
604 276 4
985 253 4
883 535 4
248 1180 4
703 1180 4
276 604 4
535 883 4
1038 253 4
306 340 4
703 1180 4
752 497 4
253 1038 4
453 1042 4
340 306 4
306 340 4
340 322 4
883 535 4
340 306 4
253 276 4
1102 1003 4
306 340 4
340 306 4
1042 453 4
678 29 4
49 678 4
276 253 4
306 340 4
253 276 4
493 453 4
188 711 4
340 306 4
322 340 4
761 1136 4
985 253 4
188 711 4
276 253 4
306 340 4
453 1042 4
678 49 4
340 322 4
711 188 4
340 306 4
711 188 4
188 711 4
1135 340 4
985 253 4
188 711 4
1042 453 4
447 313 4
248 1180 4
306 340 4
188 711 4
322 338 4
1135 340 4
340 306 4
322 340 4
253 276 4
1135 340 4
11 597 4
306 340 4
711 188 4
253 985 4
752 711 4
453 1042 4
711 188 4
985 18 4
18 1068 4
160 678 4
711 752 4
340 322 4
253 1038 4
985 253 4
11 597 4
678 160 4
188 711 4
276 253 4
340 306 4
188 711 4
1042 453 4
1177 678 4
1135 340 4
322 340 4
322 340 4
1177 585 4
188 711 4
160 29 4
1177 678 4
482 33 4
29 678 4
160 678 4
306 340 4
340 322 4
340 306 4
322 340 4
29 160 4
253 276 4
1135 1018 4
1018 1135 4
1135 1018 4
306 340 4
340 322 4
322 340 4
276 253 4
340 306 4
160 29 4
340 322 4
253 276 4
148 822 4
306 340 4
678 29 4
678 160 4
322 340 4
276 253 4
160 678 4
340 306 4
306 340 4
253 276 4
180 494 4
604 180 4
253 276 4
340 306 4
180 765 4
678 160 4
276 253 4
306 340 4
276 253 4
248 1180 4
631 322 4
192 148 4
160 678 4
833 7 4
253 276 4
253 276 4
1038 253 4
1123 637 4
276 253 4
604 180 4
1042 453 4
589 653 4
703 276 4
253 1038 4
453 1042 4
678 160 4
7 833 4
52 833 4
160 678 4
833 7 4
678 160 4
7 833 4
833 7 4
52 833 4
1042 453 4
356 839 4
1042 453 4
703 276 4
52 833 4
559 597 4
52 180 4
160 678 4
52 833 4
554 439 4
678 160 4
604 271 4
7 833 4
59 1003 4
52 833 4
453 1042 4
356 1181 4
833 7 4
211 371 4
160 678 4
604 271 4
678 160 4
356 991 4
160 678 4
599 559 4
604 271 4
356 342 4
1179 474 4
678 160 4
188 711 4
356 1117 4
604 271 4
585 480 4
1042 453 4
453 1042 4
651 198 4
160 678 4
142 200 4
1179 1182 4
276 79 4
40 1181 4
589 439 4
356 1040 4
356 1040 4
608 783 4
608 783 4
608 783 4
438 513 4
778 322 4
439 589 4
798 399 4
833 7 4
1172 1171 4
1040 40 4
1172 1017 4
1179 851 4
608 1181 4
356 1040 4
7 833 4
1181 608 4
851 1179 4
1179 851 4
160 678 4
851 1179 4
1179 851 4
356 1180 4
833 7 4
35 769 4
833 7 4
851 1179 4
589 439 4
356 1180 4
608 38 4
49 678 4
356 1110 4
1179 851 4
1042 453 4
814 363 4
356 305 4
599 1179 4
356 1180 4
35 769 4
833 7 4
356 1180 4
190 395 4
814 276 4
814 494 4
638 686 4
356 1183 4
1184 589 4
599 666 4
1184 387 4
1041 711 4
142 356 4
102 840 4
142 356 4
102 1180 4
79 276 4
2 71 4
1181 308 4
308 1185 4
497 638 4
2 71 4
276 79 4
1184 589 4
2 71 4
308 1181 4
79 276 4
276 79 4
1181 308 4
638 497 4
308 1181 4
436 1032 4
79 276 4
599 666 4
276 79 4
599 559 4
79 276 4
2 476 4
614 421 4
276 79 4
1181 308 4
792 1186 4
614 276 4
79 276 4
308 1181 4
497 638 4
308 306 4
599 559 4
1041 780 4
1180 102 4
481 371 4
276 79 4
276 614 4
71 678 4
79 276 4
102 1180 4
276 79 4
1042 453 4
79 276 4
614 276 4
620 771 4
276 79 4
79 276 4
780 1041 4
276 79 4
1003 1102 4
79 276 4
104 497 4
72 616 4
767 771 4
188 711 4
40 1040 4
276 79 4
79 276 4
276 79 4
421 614 4
1032 1187 4
276 593 4
1172 625 4
104 711 4
276 40 4
104 1188 4
767 1188 4
1184 720 4
40 276 4
336 271 4
336 271 4
305 211 4
1188 767 4
276 40 4
809 1183 4
842 1166 4
371 568 4
767 1188 4
316 476 4
1188 767 4
1188 713 4
371 765 4
371 481 4
1188 877 4
713 1188 4
767 1188 4
1188 371 4
545 453 4
1188 767 4
1188 713 4
809 98 4
305 304 4
680 439 4
305 615 4
241 1177 4
1184 1076 4
767 1188 4
1188 767 4
371 764 4
1051 1183 4
371 1188 4
1188 371 4
604 478 4
604 478 4
767 1188 4
307 421 4
1188 767 4
713 459 4
604 478 4
604 478 4
604 1184 4
307 316 4
316 307 4
1188 276 4
102 474 4
474 102 4
307 316 4
102 474 4
474 102 4
102 474 4
52 180 4
767 1188 4
1188 767 4
117 615 4
1188 767 4
117 295 4
117 1069 4
251 814 4
949 1131 4
102 474 4
474 102 4
371 1049 4
102 474 4
474 102 4
102 474 4
474 102 4
102 474 4
474 102 4
877 797 4
102 474 4
102 474 4
474 102 4
1188 481 4
2 193 4
1188 767 4
481 1188 4
883 1096 4
1188 481 4
1109 342 4
102 474 4
1032 1157 4
1188 814 4
1157 541 4
241 453 4
1157 1032 4
1157 436 4
104 307 4
1189 1033 4
481 1188 4
211 305 4
436 1157 4
117 1069 4
1157 637 4
1188 481 4
1188 481 4
1157 296 4
175 927 4
376 855 4
927 175 4
376 414 4
376 754 4
541 1157 4
1116 375 4
175 927 4
554 1172 4
377 253 4
927 175 4
554 842 4
349 1167 4
175 1160 4
175 927 4
349 752 4
641 546 4
927 175 4
546 641 4
349 342 4
421 307 4
481 877 4
175 927 4
641 324 4
376 47 4
478 324 4
534 593 4
927 175 4
554 842 4
175 927 4
1188 481 4
927 175 4
324 478 4
478 324 4
1188 597 4
324 478 4
1188 96 4
478 324 4
324 478 4
478 324 4
478 1032 4
40 378 4
686 1055 4
541 378 4
404 387 4
927 175 4
1032 478 4
1032 1157 4
367 544 4
478 1032 4
1028 938 4
1028 585 4
175 927 4
927 175 4
1032 436 4
175 927 4
1032 1071 4
1032 478 4
213 1180 4
459 713 4
397 545 4
637 1157 4
397 545 4
637 1123 4
637 67 4
545 397 4
341 1038 4
341 625 4
625 1172 4
625 341 4
341 625 4
341 1038 4
1038 341 4
341 1038 4
351 331 4
341 1038 4
188 625 4
198 651 4
719 678 4
1126 1136 4
198 545 4
1086 1186 4
1086 1186 4
461 674 4
674 461 4
674 461 4
464 678 4
43 248 4
43 188 4
371 472 4
371 25 4
1126 371 4
1126 535 4
1185 308 4
188 634 4
535 1126 4
1126 535 4
535 1126 4
678 160 4
953 102 4
678 49 4
678 71 4
953 651 4
678 719 4
678 464 4
568 371 4
1112 141 4
1112 322 4
1112 814 4
113 123 4
651 953 4
248 778 4
316 307 4
113 102 4
493 1188 4
1049 371 4
678 71 4
513 438 4
71 678 4
1141 1057 4
678 71 4
71 678 4
182 233 4
616 72 4
678 71 4
776 314 4
754 376 4
1136 1126 4
71 678 4
712 1157 4
1188 1190 4
71 678 4
1188 535 4
712 949 4
29 160 4
535 1188 4
639 296 4
29 678 4
1188 535 4
712 461 4
678 71 4
535 1188 4
678 29 4
71 678 4
712 883 4
1188 535 4
1188 535 4
712 345 4
712 249 4
1180 1082 4
712 680 4
1188 1180 4
535 1188 4
712 1017 4
712 213 4
1188 535 4
29 678 4
678 71 4
535 1188 4
678 29 4
29 0 4
712 1035 4
29 678 4
1188 535 4
678 29 4
678 71 4
712 1100 4
1180 1188 4
29 678 4
1184 597 4
1188 79 4
71 678 4
712 248 4
1188 1180 4
1180 1188 4
79 1188 4
712 86 4
678 29 4
712 998 4
1188 1180 4
71 678 4
29 678 4
712 713 4
712 883 4
778 380 4
678 71 4
712 780 4
678 29 4
1188 79 4
29 678 4
712 997 4
712 1041 4
712 1035 4
1180 1188 4
1188 568 4
1188 1180 4
678 29 4
71 678 4
712 724 4
712 608 4
712 686 4
712 123 4
712 369 4
79 1188 4
712 748 4
0 29 4
712 1164 4
712 198 4
712 715 4
712 1184 4
712 1188 4
712 1188 4
1184 494 4
711 188 4
259 948 4
989 1141 4
259 508 4
259 397 4
259 102 4
541 1058 4
35 188 4
1184 1129 4
1065 276 4
546 1168 4
1135 47 4
1041 780 4
1164 712 4
276 1065 4
307 316 4
482 1188 4
1065 276 4
276 1065 4
1065 276 4
276 1065 4
712 1184 4
593 276 4
1135 308 4
429 31 4
568 1188 4
1065 276 4
593 534 4
276 593 4
276 1065 4
1065 276 4
276 1065 4
1065 276 4
949 712 4
858 18 4
593 276 4
276 1065 4
276 593 4
593 276 4
949 308 4
536 938 4
1065 276 4
1188 79 4
1188 712 4
306 308 4
1188 568 4
1093 990 4
1013 276 4
1188 545 4
1188 545 4
1188 481 4
1017 712 4
41 1190 4
41 287 4
287 41 4
685 340 4
719 678 4
453 1042 4
453 545 4
271 336 4
271 336 4
453 241 4
482 1188 4
1100 712 4
733 1022 4
424 764 4
322 1035 4
322 778 4
188 711 4
71 1038 4
52 593 4
340 685 4
992 276 4
35 188 4
1126 535 4
376 754 4
997 712 4
614 568 4
614 7 4
614 248 4
614 296 4
614 535 4
614 1116 4
371 1126 4
371 568 4
371 1049 4
1065 494 4
2 1191 4
276 1013 4
1035 322 4
568 371 4
276 992 4
494 585 4
494 497 4
764 371 4
86 712 4
1135 397 4
494 497 4
494 497 4
371 568 4
1035 453 4
494 883 4
764 424 4
992 276 4
331 351 4
363 992 4
494 545 4
276 992 4
1035 1038 4
512 439 4
494 1112 4
568 371 4
1189 1033 4
331 351 4
1189 393 4
481 1188 4
992 363 4
992 276 4
223 174 4
685 340 4
377 585 4
276 992 4
494 541 4
724 1131 4
482 1188 4
494 120 4
846 62 4
724 712 4
494 67 4
371 568 4
113 1188 4
1180 653 4
276 992 4
494 180 4
494 814 4
1109 280 4
568 371 4
494 1184 4
494 1065 4
113 1188 4
1188 597 4
482 1188 4
371 377 4
113 356 4
371 401 4
482 1188 4
497 494 4
497 494 4
371 568 4
401 1172 4
1065 494 4
1188 625 4
568 371 4
1188 839 4
1188 839 4
1065 276 4
1065 839 4
839 1188 4
839 1065 4
1065 839 4
430 306 4
839 1065 4
1065 839 4
482 1188 4
47 839 4
248 712 4
248 614 4
839 47 4
711 188 4
482 1188 4
47 839 4
414 537 4
1188 594 4
352 41 4
1166 839 4
371 568 4
594 198 4
322 1035 4
89 597 4
594 1188 4
568 371 4
352 1186 4
1188 594 4
1135 47 4
1135 397 4
594 1188 4
1188 219 4
1188 594 4
296 1157 4
594 1188 4
839 1166 4
839 47 4
1188 594 4
296 639 4
317 1041 4
839 1185 4
296 614 4
52 61 4
211 305 4
585 494 4
594 1188 4
585 377 4
1166 839 4
1188 594 4
142 478 4
597 89 4
597 1188 4
1188 597 4
1188 594 4
1031 782 4
953 651 4
287 1192 4
482 1188 4
47 839 4
287 1182 4
482 371 4
305 211 4
1185 839 4
8 1182 4
1038 71 4
740 927 4
545 453 4
545 494 4
545 198 4
545 1188 4
1185 839 4
448 262 4
1182 287 4
1182 287 4
957 703 4
305 393 4
287 1182 4
393 305 4
438 513 4
780 1041 4
296 639 4
1182 287 4
305 569 4
569 305 4
780 712 4
376 47 4
1013 276 4
569 399 4
305 675 4
287 1182 4
1041 780 4
1017 251 4
1033 31 4
703 957 4
541 494 4
1112 322 4
1112 494 4
453 1035 4
453 545 4
535 1126 4
535 614 4
625 1188 4
1177 614 4
599 778 4
599 666 4
1189 287 4
1189 1033 4
1189 287 4
1189 1033 4
534 593 4
1189 49 4
1189 1033 4
377 585 4
377 371 4
232 796 4
1189 1033 4
1189 1033 4
1189 287 4
1180 1193 4
992 276 4
287 469 4
1189 1033 4
8 1182 4
508 388 4
508 259 4
822 148 4
71 1038 4
1035 453 4
430 822 4
1116 614 4
1125 288 4
1189 1033 4
72 616 4
822 241 4
308 306 4
18 433 4
703 1194 4
71 682 4
703 1182 4
203 1188 4
203 614 4
308 711 4
513 438 4
213 712 4
31 1033 4
1112 322 4
1188 545 4
282 582 4
1188 625 4
1112 308 4
1112 822 4
585 377 4
8 31 4
1112 1181 4
678 719 4
486 597 4
188 711 4
8 1195 4
8 1196 4
8 1190 4
376 1116 4
376 1116 4
1031 822 4
8 1189 4
188 711 4
585 569 4
8 1195 4
8 1197 4
188 711 4
8 1180 4
769 276 4
8 1195 4
965 322 4
8 1187 4
8 1168 4
188 711 4
8 1195 4
8 927 4
965 616 4
8 597 4
8 71 4
161 850 4
219 1017 4
816 1198 4
1195 1188 4
8 1195 4
711 308 4
8 1195 4
711 188 4
597 486 4
8 1195 4
782 1185 4
8 1195 4
616 965 4
486 597 4
597 486 4
8 1195 4
8 33 4
188 711 4
8 597 4
8 597 4
1185 782 4
8 597 4
8 281 4
937 104 4
8 597 4
1065 814 4
188 711 4
8 1195 4
8 597 4
8 597 4
8 597 4
582 282 4
8 71 4
322 965 4
1185 1055 4
782 1185 4
8 1195 4
8 597 4
8 597 4
1195 154 4
8 597 4
757 740 4
8 71 4
8 597 4
188 711 4
8 1195 4
8 597 4
8 597 4
678 719 4
71 678 4
8 1195 4
211 393 4
678 71 4
8 71 4
341 494 4
8 597 4
322 757 4
71 678 4
322 757 4
678 71 4
322 757 4
322 757 4
67 494 4
322 757 4
322 757 4
682 71 4
719 678 4
397 757 4
719 678 4
175 839 4
387 404 4
757 397 4
757 682 4
71 678 4
715 712 4
71 682 4
1172 401 4
1058 541 4
554 1172 4
554 305 4
143 1126 4
421 614 4
845 587 4
249 712 4
143 1199 4
401 1200 4
616 703 4
453 1035 4
1109 280 4
1109 473 4
127 104 4
992 276 4
594 1188 4
401 1200 4
142 200 4
839 1166 4
839 1185 4
1109 280 4
883 535 4
148 822 4
614 535 4
614 1116 4
614 421 4
958 957 4
296 614 4
1185 839 4
769 148 4
312 33 4
1035 453 4
377 585 4
1187 1032 4
406 96 4
52 249 4
311 1013 4
52 1201 4
678 719 4
341 1038 4
678 71 4
43 769 4
453 1035 4
883 535 4
388 508 4
775 399 4
775 703 4
8 71 4
8 927 4
439 512 4
461 712 4
193 1177 4
8 1168 4
8 1180 4
33 312 4
439 757 4
1082 1180 4
8 606 4
1126 143 4
8 606 4
1126 535 4
1028 585 4
8 281 4
8 606 4
524 210 4
8 606 4
8 606 4
8 927 4
8 606 4
8 927 4
8 476 4
200 606 4
1109 280 4
1180 1082 4
11 597 4
11 597 4
1109 280 4
1126 1202 4
1177 193 4
1109 280 4
11 597 4
748 968 4
1177 193 4
593 534 4
11 598 4
11 925 4
1177 193 4
1157 541 4
11 307 4
11 925 4
711 188 4
276 992 4
638 497 4
638 211 4
11 568 4
11 568 4
11 597 4
927 740 4
1198 816 4
1198 1203 4
1198 1005 4
1042 453 4
1198 1048 4
11 568 4
1198 1002 4
1135 47 4
11 925 4
1135 397 4
11 568 4
1135 28 4
11 937 4
1013 1193 4
11 568 4
113 769 4
11 175 4
11 568 4
102 953 4
395 371 4
829 276 4
197 100 4
11 568 4
11 718 4
11 718 4
276 829 4
144 1041 4
11 568 4
43 769 4
534 593 4
829 276 4
371 395 4
144 340 4
839 1185 4
371 395 4
144 829 4
11 568 4
322 340 4
43 769 4
682 757 4
1204 868 4
1136 66 4
682 71 4
144 829 4
276 829 4
1112 276 4
829 276 4
769 43 4
276 829 4
113 102 4
2 193 4
171 276 4
0 476 4
757 682 4
757 439 4
388 829 4
371 395 4
371 395 4
371 395 4
18 388 4
371 388 4
113 769 4
371 395 4
371 395 4
371 388 4
486 597 4
1184 1076 4
371 395 4
1135 718 4
282 378 4
251 1017 4
829 276 4
219 1017 4
371 395 4
829 388 4
799 421 4
94 711 4
799 963 4
66 1136 4
306 308 4
94 62 4
306 1182 4
94 712 4
711 94 4
761 712 4
1131 724 4
761 991 4
524 18 4
1131 1173 4
102 377 4
188 711 4
814 1065 4
711 188 4
608 814 4
1166 839 4
429 856 4
796 232 4
430 822 4
341 796 4
1135 718 4
799 421 4
724 1131 4
1086 1182 4
1086 306 4
5 1173 4
718 1135 4
66 1136 4
1086 340 4
1135 718 4
66 448 4
900 883 4
575 574 4
575 349 4
575 211 4
8 1195 4
8 927 4
8 1180 4
575 884 4
575 1166 4
739 614 4
8 1205 4
1119 316 4
66 900 4
1040 40 4
740 927 4
813 822 4
1185 839 4
1185 276 4
900 66 4
40 1040 4
40 1039 4
965 322 4
1185 637 4
965 322 4
637 1185 4
66 900 4
1185 637 4
1189 392 4
637 1185 4
732 575 4
883 535 4
732 595 4
276 1185 4
637 510 4
1186 352 4
1185 276 4
393 575 4
276 1185 4
595 732 4
341 637 4
585 377 4
198 712 4
585 1028 4
289 43 4
645 1020 4
1188 637 4
637 1188 4
1112 989 4
1071 1188 4
1188 1071 4
198 594 4
289 62 4
11 307 4
11 7 4
1112 1160 4
289 407 4
11 526 4
559 637 4
11 1187 4
11 1187 4
481 760 4
356 834 4
1180 253 4
356 1160 4
554 2 4
356 526 4
769 276 4
233 637 4
595 604 4
724 637 4
28 1135 4
276 769 4
377 585 4
377 102 4
769 276 4
276 769 4
66 1205 4
66 1183 4
614 739 4
8 1195 4
769 276 4
8 1180 4
724 718 4
453 1042 4
8 71 4
1039 40 4
276 769 4
769 276 4
705 483 4
1065 814 4
377 192 4
637 724 4
637 639 4
1042 453 4
639 637 4
276 769 4
637 639 4
858 18 4
637 559 4
341 637 4
769 276 4
143 1126 4
616 102 4
637 341 4
11 7 4
510 637 4
322 965 4
616 102 4
104 937 4
637 510 4
637 510 4
104 127 4
233 595 4
143 289 4
11 7 4
276 769 4
192 377 4
1036 232 4
705 637 4
192 377 4
657 192 4
1182 703 4
324 1168 4
11 7 4
296 1157 4
8 1182 4
769 276 4
296 614 4
1182 306 4
18 1206 4
624 661 4
296 732 4
624 661 4
624 661 4
624 661 4
296 639 4
624 661 4
624 661 4
852 880 4
705 637 4
624 533 4
276 769 4
1168 324 4
117 1069 4
703 1182 4
289 143 4
322 340 4
740 1207 4
11 7 4
703 1208 4
1032 1187 4
11 7 4
581 1209 4
1032 1210 4
769 276 4
581 327 4
192 657 4
581 860 4
143 289 4
581 1211 4
40 1039 4
1032 1208 4
740 696 4
11 7 4
705 276 4
276 769 4
1208 703 4
852 513 4
703 1208 4
604 595 4
769 276 4
276 769 4
268 1044 4
1065 474 4
296 1157 4
1195 703 4
62 94 4
11 7 4
703 604 4
1208 703 4
62 289 4
604 703 4
703 1208 4
1208 703 4
703 1208 4
1173 1131 4
703 604 4
769 276 4
160 678 4
474 1065 4
780 1017 4
604 595 4
604 703 4
1208 703 4
703 604 4
160 29 4
1208 1032 4
127 337 4
703 1208 4
89 597 4
604 703 4
678 160 4
918 50 4
703 604 4
918 703 4
1065 474 4
703 918 4
1208 703 4
1212 305 4
703 1208 4
397 757 4
1208 703 4
703 1208 4
127 337 4
585 377 4
604 703 4
897 1197 4
160 678 4
842 61 4
1208 703 4
1212 388 4
791 355 4
703 1208 4
8 1182 4
1212 1185 4
842 61 4
1208 703 4
1212 388 4
703 1208 4
340 1071 4
1208 703 4
778 55 4
355 791 4
127 337 4
1212 1031 4
703 1208 4
371 1208 4
1208 703 4
453 1042 4
703 1208 4
268 637 4
89 268 4
842 61 4
371 526 4
8 1182 4
151 1152 4
404 387 4
637 268 4
377 192 4
371 918 4
377 585 4
233 143 4
151 1152 4
371 927 4
192 377 4
791 355 4
151 371 4
371 918 4
233 1017 4
1213 371 4
268 89 4
233 1017 4
918 371 4
151 371 4
678 160 4
585 377 4
151 1152 4
233 49 4
918 49 4
233 49 4
371 918 4
918 371 4
927 371 4
918 40 4
89 268 4
160 678 4
192 1214 4
89 696 4
1208 703 4
1214 192 4
371 918 4
151 371 4
842 61 4
192 1214 4
371 927 4
918 371 4
1208 371 4
1213 371 4
371 918 4
842 61 4
371 1208 4
151 371 4
35 188 4
778 1180 4
597 1215 4
918 371 4
842 61 4
1180 778 4
927 371 4
377 192 4
296 1157 4
814 608 4
377 585 4
778 1180 4
637 102 4
1180 778 4
513 852 4
151 371 4
151 1152 4
102 637 4
40 918 4
778 1180 4
637 102 4
40 1214 4
842 61 4
371 927 4
102 637 4
637 102 4
1184 143 4
151 371 4
678 160 4
703 1208 4
1184 897 4
151 1152 4
345 589 4
842 61 4
1184 637 4
151 371 4
151 1152 4
842 61 4
1092 637 4
102 377 4
651 953 4
127 193 4
376 31 4
608 814 4
47 1135 4
595 1152 4
1216 481 4
918 40 4
842 61 4
151 371 4
89 47 4
481 1216 4
739 614 4
151 1152 4
1152 595 4
49 233 4
49 918 4
49 918 4
316 307 4
792 89 4
316 1119 4
1180 778 4
1217 880 4
151 1152 4
731 957 4
705 276 4
778 1180 4
1214 40 4
1180 778 4
604 102 4
349 342 4
151 1152 4
880 1217 4
1216 481 4
595 1152 4
151 1152 4
192 377 4
1042 453 4
585 377 4
481 1216 4
1092 1205 4
604 102 4
377 102 4
651 597 4
1216 481 4
377 192 4
604 276 4
151 1152 4
102 377 4
481 1216 4
604 316 4
1152 595 4
208 1216 4
682 757 4
604 102 4
597 651 4
1216 481 4
1017 780 4
705 614 4
192 377 4
705 193 4
151 1152 4
651 597 4
705 614 4
604 102 4
595 1152 4
1184 193 4
151 1152 4
814 608 4
604 614 4
713 459 4
11 598 4
705 1218 4
1071 340 4
705 614 4
1152 595 4
151 1152 4
604 614 4
713 712 4
822 1031 4
127 337 4
604 248 4
142 1036 4
822 148 4
142 441 4
822 813 4
8 1180 4
219 1017 4
151 1152 4
8 678 4
608 814 4
1071 877 4
626 1184 4
1184 1219 4
927 371 4
8 752 4
595 1152 4
974 608 4
1184 626 4
8 71 4
151 1152 4
1152 595 4
208 1071 4
8 1182 4
608 974 4
754 376 4
1213 371 4
376 754 4
47 151 4
151 1152 4
1188 1216 4
1184 822 4
595 1152 4
18 1220 4
778 1180 4
1032 1208 4
340 1071 4
1152 595 4
8 752 4
151 47 4
151 1152 4
193 1184 4
47 151 4
8 752 4
8 1182 4
193 464 4
1216 1188 4
1112 822 4
8 752 4
813 822 4
193 1003 4
193 270 4
1208 1032 4
151 47 4
8 752 4
1042 1071 4
1208 703 4
8 752 4
822 1184 4
808 1100 4
193 1100 4
193 559 4
822 813 4
151 1152 4
1112 814 4
8 595 4
47 151 4
1112 822 4
8 752 4
219 1017 4
822 1210 4
193 589 4
595 1152 4
193 180 4
474 1166 4
151 47 4
193 793 4
193 566 4
151 1152 4
8 1182 4
1152 595 4
8 752 4
193 678 4
1184 193 4
814 608 4
822 1221 4
1112 822 4
1184 822 4
814 1112 4
1180 778 4
8 752 4
822 1112 4
1088 974 4
813 822 4
8 1182 4
822 1184 4
8 1180 4
208 822 4
151 1152 4
151 1184 4
1184 822 4
219 1017 4
595 1152 4
822 813 4
49 678 4
1112 814 4
151 1152 4
822 208 4
8 752 4
1112 822 4
8 1182 4
822 1184 4
8 71 4
208 822 4
1152 595 4
778 1180 4
474 1166 4
1112 1215 4
1184 822 4
40 918 4
813 822 4
822 208 4
1100 193 4
8 752 4
822 1184 4
822 813 4
1183 718 4
608 814 4
151 1152 4
1112 822 4
822 40 4
208 822 4
1112 814 4
1086 1186 4
814 608 4
1112 1215 4
1112 822 4
11 598 4
1180 778 4
608 814 4
1112 814 4
1183 1051 4
1222 71 4
219 1017 4
151 1152 4
822 208 4
1112 1215 4
11 526 4
595 1152 4
877 1071 4
11 598 4
127 337 4
71 1222 4
127 193 4
814 608 4
822 1162 4
11 710 4
813 822 4
1079 1206 4
127 337 4
710 1033 4
608 814 4
11 710 4
822 813 4
792 1223 4
151 1152 4
11 710 4
822 1184 4
1112 814 4
208 822 4
11 710 4
1222 71 4
127 1079 4
1152 595 4
8 600 4
1112 822 4
8 71 4
11 710 4
8 752 4
813 822 4
8 1182 4
822 208 4
11 598 4
1184 822 4
1162 1210 4
211 302 4
822 813 4
822 1184 4
1112 822 4
962 62 4
994 345 4
1184 822 4
1224 1182 4
1182 1224 4
11 710 4
1182 1224 4
822 1184 4
11 7 4
1225 1184 4
1183 8 4
1177 877 4
1009 462 4
1112 822 4
1224 1182 4
1184 822 4
1225 1184 4
1184 822 4
474 1162 4
813 822 4
1188 1216 4
1225 539 4
1031 822 4
1188 877 4
595 1152 4
877 1188 4
1188 877 4
104 914 4
1033 710 4
814 608 4
79 276 4
127 877 4
276 79 4
127 337 4
1182 306 4
1184 276 4
276 1184 4
79 276 4
877 127 4
608 814 4
877 597 4
1184 276 4
814 608 4
276 79 4
276 1184 4
608 814 4
79 276 4
47 151 4
668 1195 4
79 276 4
276 79 4
79 276 4
276 79 4
79 276 4
40 822 4
1184 276 4
79 276 4
40 1216 4
276 1184 4
276 79 4
79 276 4
1184 276 4
276 79 4
814 608 4
276 1184 4
79 276 4
608 814 4
1184 276 4
47 1183 4
469 287 4
814 608 4
608 814 4
1183 47 4
814 608 4
814 608 4
608 814 4
608 814 4
47 1183 4
814 608 4
439 1214 4
608 814 4
1226 1017 4
680 439 4
1184 582 4
1183 47 4
814 608 4
608 814 4
79 193 4
608 814 4
47 1183 4
1112 989 4
554 593 4
625 1188 4
554 593 4
1180 340 4
545 453 4
1112 989 4
554 801 4
307 1184 4
307 614 4
41 352 4
41 1017 4
305 1227 4
41 1228 4
41 1182 4
839 1185 4
71 1038 4
1003 193 4
1183 47 4
371 927 4
371 535 4
554 1186 4
680 512 4
307 154 4
307 752 4
1017 41 4
1213 371 4
179 241 4
241 179 4
179 241 4
41 487 4
305 307 4
241 179 4
1197 897 4
1197 8 4
241 822 4
241 453 4
179 241 4
241 179 4
179 241 4
546 62 4
241 179 4
539 1225 4
40 1197 4
1057 1141 4
61 597 4
1226 71 4
71 1226 4
1226 71 4
71 1226 4
1226 71 4
71 1226 4
1226 71 4
1212 305 4
1212 361 4
71 1226 4
1040 40 4
686 480 4
686 641 4
686 478 4
686 251 4
213 1215 4
678 193 4
614 307 4
593 208 4
287 469 4
1131 724 4
1131 1173 4
953 651 4
1131 949 4
