113 769 6
711 703 6
351 502 6
1131 340 6
1131 1155 6
31 127 6
696 541 6
414 807 6
295 193 6
113 769 6
391 1294 6
1312 1405 6
73 560 6
870 1312 6
1312 506 6
1312 506 6
1271 696 6
820 1405 6
316 306 6
1182 41 6
870 494 6
469 1259 6
453 1368 6
740 541 6
951 1327 6
1327 951 6
951 1325 6
280 316 6
951 1327 6
397 316 6
127 31 6
430 604 6
302 512 6
430 1401 6
1327 951 6
951 1327 6
104 336 6
1327 951 6
336 104 6
482 820 6
808 1071 6
1071 808 6
820 482 6
808 1071 6
501 127 6
1061 41 6
501 1437 6
575 791 6
341 501 6
501 341 6
341 501 6
397 501 6
501 397 6
397 501 6
1176 560 6
331 907 6
331 918 6
808 1071 6
331 1392 6
799 739 6
808 1071 6
739 799 6
739 799 6
799 739 6
799 739 6
1372 61 6
203 713 6
1061 1452 6
1061 1450 6
1061 1454 6
1061 1443 6
575 253 6
366 104 6
597 341 6
104 336 6
223 1401 6
1401 223 6
104 366 6
223 1401 6
430 1401 6
248 1401 6
366 316 6
104 397 6
316 366 6
430 737 6
366 104 6
104 397 6
1364 1392 6
188 306 6
366 316 6
253 575 6
352 1061 6
703 711 6
104 366 6
62 1173 6
770 1405 6
705 839 6
316 366 6
1017 1216 6
705 62 6
705 522 6
1240 839 6
1433 724 6
366 104 6
1071 808 6
1433 1109 6
104 366 6
366 316 6
203 508 6
248 546 6
203 1238 6
546 248 6
1433 1378 6
248 522 6
522 705 6
522 248 6
1268 203 6
1433 880 6
705 522 6
260 834 6
316 366 6
1433 1173 6
1279 724 6
1268 634 6
1268 1451 6
1268 1401 6
1268 1455 6
1268 931 6
1433 864 6
1268 529 6
705 989 6
145 0 6
1268 370 6
842 371 6
1268 817 6
1268 763 6
1268 1222 6
1268 51 6
1433 546 6
1268 543 6
1268 986 6
1268 122 6
1268 1141 6
1268 625 6
1268 1091 6
842 1405 6
1268 1052 6
1268 1456 6
682 478 6
366 316 6
1268 1371 6
1268 1457 6
1268 1458 6
1268 1458 6
1268 886 6
1268 379 6
1268 1231 6
1188 237 6
1268 1315 6
1268 95 6
1268 456 6
1268 85 6
1268 165 6
1268 1459 6
1268 7 6
1268 100 6
1268 35 6
134 41 6
1178 595 6
705 739 6
769 1195 6
482 820 6
104 397 6
769 134 6
134 41 6
1337 251 6
769 682 6
1188 842 6
104 397 6
625 1268 6
1188 625 6
531 535 6
957 703 6
1414 1424 6
104 397 6
769 682 6
769 1020 6
769 1247 6
1268 625 6
1271 1402 6
585 1390 6
769 522 6
203 1268 6
769 203 6
104 397 6
1268 203 6
253 296 6
203 1268 6
1268 203 6
35 1268 6
35 188 6
203 1268 6
1268 35 6
104 397 6
104 1372 6
769 1102 6
1268 203 6
1381 709 6
104 397 6
799 705 6
937 732 6
464 397 6
1273 791 6
539 501 6
41 134 6
134 41 6
104 1372 6
41 134 6
134 41 6
104 1026 6
104 1026 6
104 1372 6
1188 472 6
1188 713 6
104 1337 6
104 1337 6
1173 62 6
1424 1414 6
575 253 6
248 522 6
575 253 6
296 253 6
56 595 6
104 1337 6
575 1188 6
104 1117 6
104 1117 6
341 597 6
104 1372 6
575 1188 6
535 531 6
104 1117 6
104 1117 6
614 1424 6
892 992 6
575 1188 6
575 1188 6
575 1188 6
1188 575 6
1188 575 6
345 203 6
1188 1279 6
1188 545 6
251 1337 6
1188 345 6
1279 1188 6
1188 1279 6
1282 1372 6
104 1401 6
1279 1188 6
1290 609 6
1188 1279 6
127 1266 6
104 51 6
820 482 6
127 705 6
127 501 6
1439 1182 6
1439 287 6
104 625 6
104 1371 6
712 1240 6
712 371 6
430 604 6
104 575 6
1279 1188 6
1188 436 6
1188 1279 6
104 575 6
1402 1334 6
1402 780 6
1402 1271 6
1180 295 6
575 1188 6
575 1188 6
575 104 6
1279 1188 6
703 957 6
104 453 6
1235 705 6
104 438 6
1032 575 6
104 575 6
66 1337 6
575 1032 6
1401 223 6
575 104 6
1088 1364 6
104 575 6
575 104 6
430 1401 6
1401 248 6
1401 1268 6
639 1401 6
1188 575 6
1088 764 6
104 575 6
575 104 6
575 104 6
1271 1402 6
1401 104 6
104 575 6
1188 1279 6
104 575 6
1401 639 6
1188 1279 6
1234 51 6
104 1401 6
639 783 6
35 984 6
322 41 6
1279 1188 6
430 1401 6
625 1188 6
625 1268 6
1188 625 6
1188 1279 6
104 625 6
625 1188 6
341 625 6
1188 625 6
1280 61 6
625 341 6
625 1188 6
1280 1032 6
1280 316 6
341 625 6
1188 625 6
1280 1372 6
1294 391 6
1222 1268 6
625 341 6
625 1188 6
341 625 6
870 1222 6
104 625 6
127 1152 6
357 846 6
1401 104 6
1401 430 6
1437 501 6
638 1437 6
104 1401 6
1188 625 6
430 1401 6
388 829 6
251 432 6
834 260 6
251 388 6
780 1460 6
430 616 6
541 696 6
638 1437 6
430 604 6
604 430 6
1270 476 6
531 535 6
397 464 6
1293 902 6
104 397 6
724 1279 6
1240 712 6
104 397 6
253 296 6
104 397 6
822 614 6
739 705 6
708 1390 6
822 1112 6
104 397 6
822 79 6
708 516 6
1044 1025 6
1437 276 6
104 1372 6
614 822 6
18 219 6
260 834 6
260 391 6
104 397 6
391 1294 6
391 260 6
822 1368 6
822 497 6
104 397 6
104 1372 6
104 397 6
1372 340 6
1422 340 6
104 870 6
104 397 6
1392 331 6
173 700 6
333 539 6
1437 96 6
345 1188 6
333 296 6
478 682 6
682 823 6
738 1135 6
682 478 6
1278 253 6
682 1280 6
1278 193 6
104 397 6
1278 780 6
992 892 6
478 682 6
104 625 6
1422 1032 6
198 294 6
700 173 6
260 391 6
104 1372 6
472 1188 6
575 1032 6
682 478 6
104 1337 6
282 296 6
1268 1401 6
282 1392 6
1268 1222 6
104 625 6
837 480 6
282 1337 6
575 253 6
287 1439 6
733 616 6
430 604 6
480 837 6
104 625 6
1280 682 6
870 305 6
1280 1282 6
682 1280 6
1214 104 6
870 305 6
1280 682 6
682 1280 6
341 1461 6
1405 842 6
342 349 6
1405 770 6
1280 682 6
1405 1312 6
1401 104 6
682 1280 6
1401 430 6
780 1278 6
1280 682 6
1401 1268 6
430 1401 6
104 1401 6
682 1280 6
68 732 6
305 870 6
68 1268 6
1280 682 6
173 700 6
1280 1462 6
145 0 6
331 1392 6
1059 1116 6
397 104 6
1141 1268 6
104 397 6
796 1342 6
870 305 6
336 104 6
545 1188 6
104 397 6
822 1162 6
1311 104 6
822 1162 6
796 697 6
104 336 6
822 481 6
1167 316 6
796 1463 6
822 1032 6
796 24 6
1214 430 6
822 541 6
104 1422 6
829 388 6
796 1464 6
796 620 6
796 1362 6
397 104 6
1214 430 6
796 848 6
1311 104 6
796 1206 6
516 708 6
796 555 6
104 397 6
516 713 6
796 803 6
1059 190 6
305 870 6
796 831 6
1059 1186 6
796 767 6
796 1120 6
796 1391 6
397 104 6
796 1465 6
2 497 6
796 303 6
796 1335 6
104 397 6
1311 104 6
2 256 6
870 305 6
506 1312 6
1271 982 6
982 1271 6
1188 472 6
1188 345 6
1188 545 6
397 104 6
1059 198 6
104 397 6
541 203 6
190 1059 6
1188 296 6
870 1059 6
1271 982 6
1059 190 6
1059 870 6
397 104 6
982 1271 6
345 1188 6
958 957 6
113 769 6
104 397 6
190 1059 6
870 305 6
1271 982 6
104 397 6
371 842 6
397 104 6
748 316 6
1188 345 6
1188 345 6
870 829 6
718 248 6
41 322 6
224 637 6
399 600 6
224 1280 6
638 1437 6
696 541 6
508 615 6
508 203 6
59 1462 6
791 1273 6
830 340 6
1032 1280 6
1032 1422 6
211 203 6
791 575 6
1112 822 6
535 531 6
931 1268 6
284 842 6
1294 391 6
308 1390 6
1433 1311 6
1214 430 6
1433 546 6
1433 1173 6
1214 430 6
1286 1038 6
494 1112 6
494 1432 6
494 793 6
494 713 6
494 497 6
1157 324 6
494 171 6
430 1214 6
1433 731 6
308 1390 6
1157 712 6
1092 597 6
248 718 6
248 1401 6
907 331 6
1433 1312 6
808 256 6
1374 1268 6
253 575 6
253 1278 6
494 2 6
1214 430 6
1374 739 6
1433 173 6
378 1432 6
430 1214 6
1433 1378 6
51 1268 6
51 104 6
51 1234 6
604 430 6
1433 173 6
604 336 6
1433 173 6
985 345 6
430 604 6
985 295 6
842 371 6
842 284 6
604 430 6
842 1405 6
1433 173 6
1433 173 6
430 604 6
1433 173 6
604 430 6
41 1182 6
51 1041 6
1433 173 6
388 829 6
1214 430 6
1214 430 6
430 604 6
430 1214 6
1433 173 6
620 104 6
1433 173 6
336 604 6
620 796 6
41 783 6
1433 173 6
604 430 6
1433 173 6
604 336 6
223 1245 6
1433 173 6
1462 1280 6
604 336 6
430 604 6
1433 173 6
1420 361 6
842 1194 6
1433 173 6
41 71 6
223 219 6
1433 173 6
604 430 6
1245 223 6
1433 173 6
188 801 6
531 535 6
1433 173 6
71 41 6
1433 173 6
638 992 6
223 71 6
823 682 6
985 990 6
41 71 6
71 41 6
41 71 6
985 253 6
710 256 6
638 993 6
1433 173 6
715 41 6
104 397 6
715 41 6
638 992 6
223 1245 6
104 51 6
1433 173 6
104 620 6
256 710 6
71 41 6
104 51 6
1433 173 6
49 1462 6
1462 49 6
710 256 6
992 638 6
1433 173 6
356 1252 6
376 331 6
1280 224 6
1433 173 6
1280 1032 6
985 356 6
1280 1462 6
173 1433 6
1462 307 6
336 604 6
256 710 6
173 1433 6
104 1401 6
1116 1059 6
710 256 6
1252 356 6
985 356 6
173 1433 6
256 710 6
356 1252 6
985 356 6
985 356 6
356 1252 6
985 356 6
985 356 6
985 356 6
356 1207 6
340 1372 6
376 591 6
340 1422 6
1401 430 6
1252 356 6
376 776 6
340 830 6
1401 104 6
1401 248 6
1401 104 6
1109 1433 6
104 1401 6
1401 104 6
104 1401 6
1401 104 6
102 616 6
104 1401 6
1445 840 6
223 71 6
104 1401 6
223 1401 6
1198 1020 6
1198 1020 6
535 531 6
1337 251 6
1337 66 6
1401 104 6
1401 104 6
1401 223 6
539 333 6
313 833 6
31 127 6
18 1434 6
18 1434 6
1337 104 6
1337 282 6
223 1401 6
1318 1401 6
26 1424 6
104 1401 6
31 1462 6
703 616 6
705 799 6
104 1401 6
1432 494 6
705 127 6
104 1337 6
1268 1141 6
705 1235 6
1422 340 6
705 739 6
1268 931 6
503 1166 6
1401 223 6
1422 1376 6
1135 738 6
1401 1318 6
1268 51 6
1401 104 6
223 7 6
863 992 6
703 1466 6
1424 26 6
703 1467 6
1012 397 6
223 1401 6
322 41 6
985 619 6
52 376 6
1432 378 6
1424 614 6
1012 397 6
496 1279 6
1012 397 6
992 863 6
104 1401 6
769 113 6
791 31 6
1374 356 6
127 705 6
710 256 6
496 1351 6
1311 1433 6
307 1462 6
256 710 6
1311 104 6
388 251 6
1462 307 6
1311 1312 6
388 481 6
1462 31 6
1462 31 6
808 256 6
710 256 6
127 31 6
26 1424 6
1137 965 6
1378 1433 6
705 127 6
1378 193 6
256 710 6
1183 59 6
1183 31 6
481 388 6
808 256 6
1311 104 6
127 705 6
710 256 6
104 1462 6
11 1337 6
808 256 6
256 710 6
8 1433 6
11 598 6
8 1433 6
710 256 6
808 256 6
1424 26 6
1311 104 6
31 791 6
1279 724 6
31 1462 6
31 127 6
1372 340 6
985 1424 6
791 31 6
59 1183 6
678 66 6
1462 59 6
1462 31 6
127 31 6
1424 985 6
1183 59 6
1216 241 6
937 66 6
1216 1017 6
870 1216 6
1437 638 6
59 1462 6
59 1183 6
1311 104 6
791 678 6
1183 59 6
1353 127 6
1036 546 6
678 791 6
546 1433 6
26 1424 6
127 31 6
127 1353 6
546 1036 6
1279 496 6
501 397 6
769 801 6
501 539 6
731 1433 6
724 1279 6
501 127 6
501 1437 6
1437 501 6
1392 282 6
59 1183 6
1017 1216 6
703 301 6
1153 799 6
1353 127 6
1401 223 6
1401 104 6
1439 42 6
104 1401 6
801 769 6
397 1012 6
42 1439 6
397 104 6
1112 494 6
769 801 6
808 66 6
808 256 6
801 769 6
780 41 6
1252 1460 6
104 397 6
834 260 6
846 357 6
397 104 6
104 397 6
11 1386 6
11 1117 6
397 104 6
219 223 6
11 633 6
11 281 6
11 633 6
462 870 6
104 397 6
2 494 6
11 1117 6
388 572 6
462 608 6
462 1184 6
1376 1422 6
1439 42 6
62 1173 6
62 1301 6
496 51 6
482 820 6
503 1405 6
820 482 6
1462 1468 6
482 820 6
11 1117 6
808 1353 6
11 1117 6
11 1117 6
11 342 6
497 1469 6
11 1117 6
820 482 6
1312 1433 6
572 388 6
1109 2 6
1312 1311 6
251 1337 6
66 937 6
251 388 6
703 957 6
1312 1386 6
388 572 6
388 251 6
66 1337 6
501 1437 6
614 1424 6
388 481 6
41 780 6
1189 61 6
313 102 6
41 322 6
313 102 6
1180 316 6
41 715 6
796 543 6
251 388 6
798 31 6
572 388 6
1189 614 6
614 1189 6
352 503 6
1437 501 6
1032 1280 6
41 949 6
1437 501 6
11 1117 6
575 791 6
352 503 6
459 545 6
575 253 6
459 545 6
1189 614 6
501 1437 6
1312 506 6
501 1437 6
1189 49 6
41 949 6
1112 436 6
388 572 6
1437 501 6
388 251 6
1112 352 6
1437 501 6
1189 1286 6
1327 839 6
1327 839 6
352 1112 6
41 949 6
340 1422 6
791 575 6
501 1437 6
316 1280 6
316 1167 6
316 748 6
11 568 6
276 496 6
251 388 6
11 1117 6
1112 352 6
316 1180 6
49 1189 6
496 276 6
1437 501 6
41 949 6
11 1117 6
1415 1137 6
496 1295 6
776 376 6
796 957 6
41 949 6
796 1470 6
260 834 6
11 1117 6
791 1471 6
1245 223 6
796 973 6
808 1353 6
796 1472 6
11 1117 6
41 949 6
808 66 6
297 597 6
1415 501 6
931 1268 6
1141 193 6
949 41 6
41 949 6
1415 501 6
796 276 6
678 87 6
1141 732 6
0 1270 6
796 637 6
1374 1268 6
535 883 6
705 127 6
1415 305 6
543 796 6
796 296 6
1245 546 6
637 796 6
1415 501 6
796 203 6
989 705 6
543 1268 6
796 127 6
1421 941 6
949 41 6
830 324 6
275 791 6
41 949 6
316 31 6
41 352 6
41 941 6
41 0 6
1421 1020 6
324 830 6
949 41 6
796 259 6
546 1245 6
796 637 6
1268 931 6
791 275 6
597 297 6
1268 543 6
506 1312 6
52 710 6
1374 1268 6
496 276 6
378 541 6
1268 796 6
870 462 6
870 462 6
1271 1180 6
301 703 6
52 614 6
777 127 6
1268 1374 6
127 796 6
316 318 6
296 253 6
296 333 6
296 282 6
984 982 6
796 1268 6
793 1293 6
324 1401 6
296 1188 6
296 796 6
777 305 6
1473 175 6
1374 1268 6
1473 1374 6
1245 546 6
799 1153 6
296 572 6
393 503 6
378 1033 6
1422 340 6
52 710 6
1137 1415 6
1268 1374 6
796 127 6
572 296 6
1041 680 6
1189 49 6
296 572 6
1041 51 6
127 796 6
710 52 6
127 501 6
52 710 6
316 625 6
796 296 6
710 52 6
1210 870 6
1210 253 6
296 796 6
982 984 6
52 53 6
52 1041 6
223 219 6
1112 986 6
543 1268 6
545 459 6
127 796 6
341 797 6
1183 59 6
388 1268 6
341 796 6
642 637 6
502 351 6
642 1364 6
761 51 6
625 1035 6
637 642 6
637 796 6
941 1421 6
1234 51 6
541 378 6
2 1109 6
597 297 6
1370 642 6
830 324 6
931 1268 6
1270 0 6
1433 297 6
1214 101 6
430 565 6
1112 352 6
127 796 6
1433 297 6
597 648 6
1214 101 6
159 638 6
483 912 6
597 648 6
127 796 6
1462 1382 6
1424 26 6
52 1348 6
1433 297 6
877 1049 6
863 992 6
203 796 6
597 648 6
203 211 6
931 1268 6
203 541 6
203 345 6
203 1268 6
101 1448 6
1448 101 6
341 796 6
1112 989 6
203 1268 6
1405 503 6
26 1424 6
931 1268 6
203 541 6
1184 675 6
203 1268 6
1382 53 6
203 1268 6
377 406 6
203 1268 6
791 1035 6
203 1380 6
931 1268 6
203 1268 6
1166 503 6
203 1268 6
203 1268 6
1364 642 6
535 748 6
638 159 6
203 1268 6
638 993 6
159 638 6
388 829 6
863 992 6
51 1268 6
51 496 6
340 1422 6
203 1268 6
748 51 6
1268 51 6
51 761 6
143 644 6
203 1268 6
51 748 6
1117 307 6
51 1268 6
748 51 6
560 1176 6
703 287 6
127 352 6
638 748 6
66 51 6
203 1268 6
127 638 6
66 51 6
260 834 6
798 1474 6
1382 748 6
1327 1475 6
127 352 6
203 1268 6
203 1268 6
1424 26 6
203 345 6
388 829 6
203 1268 6
345 1452 6
66 51 6
1475 1068 6
1475 1068 6
41 1476 6
453 1368 6
41 134 6
1475 1011 6
1475 1011 6
203 211 6
104 51 6
203 1268 6
1041 680 6
104 51 6
203 1268 6
104 51 6
1405 467 6
1041 51 6
203 1223 6
203 211 6
703 287 6
41 1476 6
203 1268 6
777 438 6
539 1348 6
1348 539 6
543 1268 6
539 1348 6
1268 543 6
104 1420 6
1234 51 6
543 1268 6
453 1325 6
453 777 6
104 793 6
1189 1286 6
1448 1420 6
713 96 6
535 777 6
203 1268 6
66 900 6
66 900 6
1366 1411 6
1411 1364 6
1411 1366 6
276 496 6
1462 49 6
349 342 6
151 992 6
1088 1411 6
197 100 6
992 151 6
197 1320 6
809 1411 6
931 1268 6
151 992 6
271 305 6
902 1293 6
271 631 6
809 1411 6
918 602 6
992 151 6
151 992 6
219 223 6
992 151 6
1339 1477 6
481 211 6
371 1411 6
151 992 6
371 1411 6
1401 496 6
992 151 6
203 481 6
1401 481 6
151 992 6
203 481 6
809 1411 6
481 100 6
481 7 6
992 151 6
453 1325 6
481 96 6
151 992 6
992 151 6
481 259 6
481 40 6
481 476 6
481 268 6
481 262 6
481 282 6
481 280 6
203 610 6
481 331 6
481 324 6
151 992 6
992 151 6
481 271 6
481 247 6
481 183 6
809 1411 6
203 610 6
791 911 6
151 992 6
703 287 6
992 151 6
203 610 6
151 992 6
992 151 6
1339 839 6
777 569 6
151 992 6
203 610 6
544 420 6
1117 631 6
1405 1420 6
992 151 6
151 992 6
420 544 6
253 481 6
1462 49 6
777 516 6
1462 49 6
248 1469 6
203 610 6
203 1414 6
1188 345 6
337 1301 6
249 543 6
11 598 6
305 271 6
262 1297 6
203 610 6
816 1471 6
262 376 6
127 1412 6
1471 816 6
830 1448 6
41 537 6
554 1448 6
494 1432 6
816 1471 6
1033 378 6
501 941 6
1471 816 6
41 1353 6
1401 992 6
816 1471 6
793 1400 6
104 1117 6
66 808 6
1112 989 6
1400 793 6
1478 522 6
1032 462 6
1032 462 6
791 1412 6
1479 637 6
777 314 6
322 481 6
494 648 6
322 1448 6
260 834 6
494 1366 6
314 993 6
494 171 6
494 1212 6
175 1473 6
322 87 6
314 992 6
1479 96 6
494 1432 6
314 777 6
422 314 6
1372 353 6
1400 793 6
992 314 6
1471 816 6
314 992 6
816 1471 6
992 314 6
314 992 6
992 314 6
314 992 6
992 314 6
297 322 6
297 322 6
297 322 6
297 322 6
388 639 6
297 322 6
1112 436 6
51 66 6
324 481 6
1186 1059 6
686 1003 6
307 262 6
1401 1478 6
983 317 6
1327 764 6
1327 390 6
1327 238 6
837 631 6
1088 881 6
1088 764 6
1088 1411 6
1088 1366 6
1088 1364 6
870 1411 6
776 513 6
1348 365 6
26 1424 6
830 324 6
1348 365 6
1126 317 6
1126 1382 6
1126 1136 6
597 87 6
1188 1186 6
453 1126 6
414 262 6
1188 481 6
1188 481 6
1188 481 6
1245 455 6
1408 1104 6
430 543 6
1312 506 6
430 543 6
1312 506 6
430 543 6
764 1327 6
430 543 6
397 464 6
430 543 6
637 1479 6
316 481 6
203 1268 6
430 543 6
430 543 6
430 543 6
430 543 6
341 637 6
388 1471 6
430 543 6
388 1437 6
388 829 6
430 543 6
430 543 6
341 1038 6
260 834 6
1268 1090 6
316 314 6
1268 1300 6
1268 315 6
1268 1038 6
1268 436 6
713 1399 6
296 481 6
1392 282 6
296 496 6
414 1432 6
1392 1364 6
1392 1426 6
653 223 6
474 1479 6
203 1414 6
653 223 6
1245 223 6
248 401 6
104 51 6
104 620 6
1235 705 6
1020 1198 6
1243 414 6
1243 130 6
1020 1421 6
248 1020 6
351 308 6
248 1216 6
1374 1268 6
1374 1473 6
1020 1448 6
626 992 6
626 1018 6
203 1268 6
1088 764 6
1364 1411 6
1364 1392 6
839 1240 6
308 351 6
1325 1141 6
1392 1364 6
1364 1392 6
1188 1480 6
446 223 6
1036 594 6
631 837 6
1273 791 6
1214 302 6
791 1035 6
1273 791 6
608 462 6
705 739 6
791 1273 6
1188 304 6
608 79 6
1240 839 6
256 141 6
211 288 6
211 262 6
1462 372 6
256 141 6
211 1288 6
256 141 6
1247 1322 6
531 764 6
531 881 6
799 1071 6
932 1213 6
1473 1374 6
462 608 6
597 1473 6
608 462 6
297 322 6
462 608 6
351 308 6
297 322 6
608 462 6
314 262 6
1386 356 6
1141 1286 6
1386 356 6
1327 626 6
1327 839 6
256 141 6
262 314 6
1386 356 6
1343 1311 6
1386 356 6
1382 1126 6
391 1294 6
503 352 6
1141 1226 6
104 620 6
352 503 6
0 311 6
0 311 6
256 297 6
0 311 6
1141 1319 6
297 256 6
0 311 6
1141 311 6
1126 1168 6
546 1126 6
0 311 6
357 846 6
1141 311 6
8 141 6
1213 932 6
546 1126 6
1182 990 6
175 1473 6
1182 823 6
543 510 6
66 1259 6
535 992 6
256 297 6
66 51 6
796 1141 6
1141 1367 6
1141 796 6
1363 1392 6
1157 1071 6
510 543 6
453 1268 6
453 1325 6
1168 1126 6
1182 1481 6
1339 1325 6
438 777 6
503 352 6
990 357 6
357 990 6
990 357 6
345 837 6
1126 1168 6
357 990 6
1420 1448 6
1243 130 6
249 262 6
1420 235 6
104 438 6
31 798 6
808 66 6
11 342 6
31 481 6
8 765 6
11 141 6
480 585 6
585 480 6
992 535 6
249 1452 6
249 1419 6
932 1213 6
1032 462 6
104 51 6
1401 1212 6
1117 631 6
1386 11 6
1460 1252 6
1279 1286 6
1213 932 6
870 259 6
830 324 6
198 1363 6
577 5 6
846 357 6
71 1038 6
251 765 6
541 351 6
863 992 6
863 989 6
1421 1020 6
356 1430 6
932 1213 6
219 481 6
810 57 6
41 1481 6
918 59 6
467 328 6
18 1482 6
1245 223 6
188 711 6
791 1035 6
769 96 6
535 992 6
791 141 6
842 574 6
842 574 6
842 574 6
357 846 6
297 256 6
5 577 6
5 752 6
1271 861 6
992 535 6
1422 324 6
357 1483 6
357 1483 6
324 1422 6
792 862 6
340 1422 6
248 281 6
31 798 6
1017 1334 6
863 992 6
5 1019 6
1245 223 6
757 740 6
248 1484 6
124 130 6
1467 574 6
1467 754 6
535 992 6
203 644 6
1172 1322 6
248 1358 6
1188 542 6
1301 337 6
1402 356 6
643 1419 6
643 1419 6
643 1419 6
764 531 6
1071 1157 6
1235 705 6
1235 1042 6
1485 134 6
1189 49 6
1088 764 6
1282 698 6
244 1282 6
244 1282 6
244 190 6
244 1048 6
244 1282 6
399 821 6
248 1486 6
399 775 6
399 395 6
1487 575 6
253 757 6
703 1486 6
1312 506 6
703 1477 6
1100 637 6
1339 57 6
1283 792 6
703 1488 6
700 781 6
1270 0 6
1343 1282 6
321 1055 6
93 515 6
316 1259 6
1017 754 6
1017 754 6
41 357 6
1017 1484 6
644 143 6
1017 1484 6
96 1479 6
1312 506 6
1017 1439 6
1188 1406 6
1188 834 6
1168 1126 6
84 321 6
993 377 6
993 631 6
791 1412 6
870 737 6
71 1252 6
870 451 6
1405 1183 6
786 1489 6
249 1183 6
1405 1183 6
1188 1281 6
322 420 6
870 363 6
1405 1486 6
1251 786 6
1251 786 6
1396 472 6
786 1251 6
79 608 6
1251 786 6
501 993 6
1235 705 6
501 997 6
1188 522 6
474 249 6
1188 522 6
791 1412 6
1157 1071 6
1320 197 6
420 1394 6
1283 577 6
870 249 6
84 1235 6
1104 1439 6
642 1364 6
642 1370 6
297 322 6
249 1055 6
537 47 6
846 357 6
870 1490 6
297 322 6
127 1380 6
260 834 6
1439 1104 6
71 1252 6
8 993 6
1020 1421 6
1102 1440 6
8 653 6
1338 1490 6
1017 1490 6
1071 1157 6
748 1382 6
1071 1157 6
1017 1490 6
1338 1490 6
1338 1490 6
1491 637 6
127 1380 6
253 757 6
374 911 6
1443 1167 6
340 5 6
1492 1473 6
808 1493 6
1492 1448 6
1492 1473 6
337 1301 6
1234 51 6
100 197 6
100 281 6
808 541 6
808 541 6
808 559 6
992 535 6
1243 1316 6
1206 796 6
1167 519 6
1401 992 6
496 1490 6
1037 780 6
31 798 6
535 1316 6
535 794 6
535 992 6
31 51 6
1392 1364 6
1392 1363 6
1392 1491 6
1392 1491 6
575 1487 6
1338 575 6
271 305 6
705 1235 6
271 1295 6
757 740 6
597 487 6
296 794 6
296 737 6
712 1475 6
131 29 6
712 1153 6
712 1448 6
357 846 6
141 1414 6
41 357 6
253 757 6
1439 1494 6
1157 1071 6
49 1495 6
171 1496 6
1157 1497 6
1290 251 6
1290 251 6
1071 1157 6
1071 369 6
388 829 6
388 1471 6
203 644 6
203 1226 6
203 541 6
508 1394 6
1486 843 6
703 1486 6
66 808 6
1412 508 6
508 1412 6
508 51 6
508 1412 6
680 51 6
1495 823 6
823 1495 6
51 680 6
508 363 6
1280 1252 6
1280 539 6
1234 51 6
808 1448 6
356 1135 6
1280 1252 6
519 1167 6
256 297 6
49 1495 6
508 1412 6
31 51 6
31 1496 6
203 1226 6
1280 1282 6
1280 1282 6
1280 1282 6
1280 1498 6
1141 1319 6
388 1471 6
1071 369 6
51 1282 6
765 251 6
1259 66 6
1495 823 6
1394 420 6
251 765 6
791 1035 6
66 1259 6
616 249 6
203 1499 6
619 1293 6
66 1496 6
66 1496 6
41 668 6
66 1500 6
0 1270 6
1188 318 6
248 356 6
710 641 6
276 1319 6
0 1270 6
637 1491 6
1061 352 6
0 2 6
501 284 6
1331 1436 6
1061 1469 6
809 1259 6
8 765 6
297 256 6
256 297 6
66 522 6
1319 1141 6
297 256 6
256 297 6
1061 356 6
356 1061 6
356 313 6
297 256 6
1061 1418 6
313 332 6
869 522 6
256 297 6
297 256 6
66 1495 6
1184 313 6
769 1490 6
1131 1424 6
66 1495 6
869 637 6
388 1471 6
1290 251 6
83 637 6
372 310 6
372 310 6
372 310 6
203 541 6
305 777 6
1448 438 6
830 933 6
791 1079 6
791 1079 6
544 1448 6
616 72 6
816 103 6
678 1175 6
616 680 6
535 883 6
616 271 6
1448 428 6
616 271 6
616 271 6
271 1448 6
1448 271 6
271 1448 6
816 103 6
1501 1502 6
1501 1268 6
420 1394 6
392 737 6
616 727 6
476 0 6
808 1448 6
476 1270 6
476 0 6
420 96 6
392 737 6
392 869 6
597 1289 6
392 393 6
392 737 6
1157 1071 6
392 737 6
392 190 6
392 737 6
535 1316 6
248 1503 6
680 51 6
1071 1157 6
190 1504 6
637 642 6
637 869 6
637 83 6
703 287 6
1486 131 6
1423 574 6
1423 1426 6
791 437 6
791 437 6
791 437 6
1486 131 6
842 1236 6
842 1423 6
842 1236 6
842 1236 6
1296 1071 6
842 1236 6
1071 1296 6
556 1035 6
1296 1071 6
842 1236 6
1348 1061 6
1280 1278 6
842 1236 6
356 51 6
842 1236 6
769 843 6
1312 506 6
197 100 6
842 1236 6
41 352 6
1401 223 6
41 1504 6
842 1194 6
842 1236 6
842 1236 6
842 1236 6
791 823 6
842 1236 6
791 556 6
556 791 6
703 287 6
842 556 6
41 668 6
253 271 6
453 1325 6
453 1268 6
842 556 6
51 680 6
678 417 6
51 356 6
35 1424 6
453 1268 6
842 556 6
842 556 6
388 1471 6
842 556 6
842 556 6
453 1268 6
1443 1061 6
1157 1071 6
1157 374 6
1157 374 6
49 1486 6
494 1212 6
494 1432 6
554 439 6
1071 1157 6
494 1366 6
494 171 6
1157 1071 6
1157 1071 6
1157 1071 6
1157 1071 6
1157 1071 6
1214 1316 6
1157 1071 6
1214 1316 6
700 1412 6
566 594 6
554 968 6
554 764 6
574 1030 6
816 1448 6
41 1505 6
1416 66 6
1416 1261 6
241 1216 6
1259 556 6
192 942 6
1392 1423 6
1506 637 6
397 404 6
1506 637 6
1267 1268 6
1061 1348 6
1355 1420 6
1320 1223 6
1355 134 6
1267 1141 6
535 1316 6
535 883 6
1223 1320 6
700 1412 6
863 481 6
863 1188 6
863 989 6
1414 141 6
0 476 6
0 476 6
336 1414 6
1414 141 6
1414 973 6
1216 241 6
1280 1355 6
336 1414 6
41 1414 6
680 51 6
608 1496 6
608 1496 6
608 1477 6
535 883 6
1135 356 6
678 515 6
724 1126 6
51 680 6
1448 816 6
724 1126 6
102 357 6
1401 421 6
1331 963 6
724 51 6
1489 786 6
375 480 6
816 942 6
1188 1416 6
1507 1020 6
1507 51 6
1507 1318 6
1507 1318 6
51 1507 6
1507 51 6
508 51 6
1507 1469 6
508 336 6
388 1471 6
51 1507 6
508 51 6
1507 51 6
508 892 6
963 1331 6
41 994 6
41 1508 6
724 51 6
724 1126 6
1235 705 6
1279 271 6
508 839 6
508 315 6
508 363 6
271 305 6
508 1025 6
336 508 6
508 336 6
508 336 6
703 1328 6
336 508 6
568 1312 6
508 336 6
710 1355 6
102 1328 6
51 508 6
1328 1270 6
51 1507 6
1328 476 6
102 57 6
710 1372 6
1279 271 6
1422 340 6
643 772 6
568 1312 6
809 232 6
361 927 6
361 1420 6
248 1508 6
1216 241 6
1280 539 6
892 508 6
1216 321 6
568 1509 6
341 1416 6
102 357 6
305 271 6
102 357 6
305 1448 6
712 1366 6
712 1440 6
1279 271 6
102 1216 6
712 270 6
712 1380 6
712 1372 6
712 1051 6
1488 1448 6
712 841 6
712 1282 6
712 1310 6
712 665 6
822 1031 6
712 1188 6
712 713 6
1259 556 6
712 780 6
712 715 6
712 86 6
1301 337 6
712 461 6
712 993 6
822 1031 6
712 1185 6
712 778 6
712 883 6
712 1164 6
1488 1448 6
190 1020 6
1057 1141 6
712 997 6
712 1041 6
712 748 6
1507 51 6
1100 1416 6
1405 318 6
102 1509 6
356 1416 6
822 1031 6
102 57 6
822 1031 6
102 892 6
1392 282 6
791 823 6
1035 556 6
822 1031 6
127 846 6
822 1031 6
51 1507 6
1507 51 6
127 1509 6
822 1031 6
822 1031 6
822 1031 6
1508 223 6
822 1031 6
822 958 6
822 1031 6
822 1031 6
791 1035 6
1331 963 6
1508 1400 6
822 1031 6
822 1031 6
1035 791 6
1112 1508 6
1400 1508 6
568 1509 6
1508 469 6
127 1509 6
1508 1400 6
469 1508 6
1508 469 6
1112 1508 6
8 1509 6
822 1031 6
822 284 6
822 1031 6
1400 1508 6
1400 793 6
822 1031 6
822 1031 6
68 1507 6
822 1031 6
822 1031 6
1508 1400 6
127 1261 6
365 345 6
822 1031 6
365 11 6
365 1348 6
605 1509 6
605 1502 6
1509 605 6
822 1031 6
605 1509 6
1509 605 6
1348 365 6
341 1496 6
605 1509 6
568 605 6
345 365 6
325 687 6
791 1035 6
1509 605 6
535 883 6
1507 51 6
822 1031 6
822 1031 6
1280 1413 6
822 1031 6
1184 1402 6
965 51 6
822 1031 6
822 1031 6
822 1031 6
822 1031 6
1506 211 6
1508 1510 6
700 325 6
822 1031 6
822 1031 6
41 1511 6
700 653 6
822 1031 6
1157 436 6
822 1031 6
535 883 6
822 1031 6
41 1061 6
1184 1328 6
568 1509 6
822 1031 6
822 1031 6
822 1031 6
325 700 6
822 1031 6
1030 574 6
556 1035 6
8 365 6
822 1031 6
963 1331 6
822 1031 6
8 1509 6
822 1031 6
568 1509 6
809 232 6
568 1509 6
535 883 6
568 1509 6
594 1036 6
594 566 6
51 965 6
1508 1355 6
203 1355 6
203 1226 6
1508 889 6
1508 889 6
1508 956 6
453 1042 6
388 829 6
388 949 6
949 388 6
1035 556 6
1035 791 6
1508 308 6
703 1216 6
686 1050 6
535 883 6
324 325 6
712 1440 6
325 324 6
712 883 6
712 780 6
712 461 6
127 1123 6
1259 556 6
1279 1402 6
712 1440 6
965 51 6
965 851 6
932 782 6
322 965 6
830 933 6
1247 366 6
1374 198 6
84 321 6
41 1061 6
605 1509 6
1374 1471 6
1181 1112 6
614 421 6
568 605 6
568 614 6
1345 1328 6
18 1504 6
1508 1178 6
1471 1374 6
1392 1179 6
1279 1402 6
1509 605 6
605 1509 6
851 965 6
568 605 6
1509 605 6
911 898 6
1259 724 6
1157 923 6
911 1512 6
1405 1223 6
1279 724 6
127 605 6
1279 724 6
127 1509 6
1259 724 6
696 1348 6
1279 724 6
127 1512 6
1405 927 6
1259 724 6
1399 713 6
782 932 6
1036 594 6
127 1512 6
757 1448 6
1259 724 6
1279 724 6
1279 1036 6
1279 724 6
127 1512 6
781 700 6
1259 724 6
1486 131 6
127 1512 6
546 1168 6
1512 715 6
127 1509 6
1374 1471 6
203 297 6
1284 1020 6
1488 208 6
1488 1448 6
1488 1020 6
313 1184 6
700 325 6
313 1448 6
1405 313 6
313 332 6
1405 313 6
556 1259 6
127 203 6
680 757 6
757 680 6
911 313 6
421 614 6
172 748 6
911 374 6
1405 172 6
404 1506 6
1405 172 6
275 1259 6
41 1506 6
367 1235 6
851 275 6
1374 1471 6
1513 846 6
275 851 6
1184 1402 6
614 421 6
851 275 6
275 851 6
851 275 6
320 1259 6
911 892 6
1279 724 6
162 1484 6
1280 724 6
1280 1498 6
840 89 6
41 851 6
421 614 6
89 840 6
41 851 6
851 1355 6
41 851 6
41 1214 6
316 318 6
1331 963 6
1374 1471 6
1374 1471 6
1401 1251 6
892 911 6
1374 198 6
49 1486 6
51 965 6
877 1416 6
1099 1214 6
791 1035 6
791 823 6
1214 1099 6
1099 1214 6
1074 707 6
1248 1217 6
1286 1243 6
1214 1099 6
1099 1214 6
376 1506 6
1214 1099 6
962 840 6
345 1418 6
962 840 6
1380 782 6
1424 1131 6
963 1331 6
799 1071 6
1071 1157 6
1071 1157 6
724 1259 6
1392 282 6
614 421 6
1312 506 6
1508 1513 6
1508 1514 6
392 1515 6
830 933 6
1338 1416 6
508 892 6
508 51 6
508 798 6
1254 979 6
1254 983 6
1254 461 6
1471 816 6
1471 593 6
1112 1516 6
1157 1071 6
1157 1071 6
1513 1517 6
1020 1284 6
1020 190 6
1020 1507 6
712 1440 6
397 404 6
712 369 6
712 86 6
712 275 6
712 1184 6
712 883 6
829 388 6
712 780 6
712 461 6
734 1167 6
275 712 6
712 1516 6
328 467 6
51 508 6
308 519 6
325 700 6
377 993 6
798 1474 6
275 734 6
638 1437 6
638 992 6
638 1432 6
519 308 6
508 51 6
508 798 6
211 1506 6
519 1016 6
883 712 6
1374 1471 6
31 1518 6
31 1504 6
46 1298 6
707 1074 6
1519 1512 6
782 1380 6
996 141 6
8 1284 6
468 462 6
1520 644 6
1141 46 6
8 1284 6
8 1284 6
508 798 6
282 614 6
1279 724 6
1042 1141 6
374 911 6
709 645 6
51 508 6
911 374 6
911 892 6
8 1520 6
8 294 6
8 294 6
1113 1423 6
700 325 6
883 374 6
508 51 6
1405 1267 6
1423 1113 6
374 883 6
1521 858 6
374 911 6
1522 1419 6
1522 1419 6
508 892 6
686 437 6
198 1374 6
1522 1517 6
208 1488 6
638 508 6
102 357 6
66 1495 6
66 1500 6
102 1216 6
597 541 6
198 1059 6
597 541 6
1338 198 6
1501 605 6
625 1522 6
651 1316 6
651 393 6
102 651 6
678 1175 6
96 725 6
378 541 6
883 374 6
870 1416 6
1486 49 6
102 651 6
102 651 6
712 1440 6
712 780 6
66 1444 6
712 1516 6
712 461 6
712 369 6
1521 1523 6
597 1516 6
1486 311 6
325 700 6
248 1524 6
1338 712 6
127 508 6
1521 7 6
127 846 6
41 71 6
1521 96 6
918 1448 6
41 71 6
1521 219 6
1392 282 6
41 71 6
1316 651 6
308 638 6
296 737 6
712 1164 6
41 71 6
308 211 6
41 1525 6
1519 1512 6
49 1486 6
369 1416 6
1025 508 6
1025 614 6
1025 1235 6
462 608 6
1440 712 6
462 468 6
1141 1042 6
248 401 6
1283 1316 6
190 1020 6
1254 461 6
608 462 6
1506 404 6
1506 211 6
248 401 6
1432 638 6
143 1526 6
614 1025 6
1488 208 6
941 376 6
863 989 6
276 1507 6
276 1380 6
276 796 6
593 1471 6
1172 653 6
634 724 6
634 724 6
1172 653 6
634 1432 6
703 1467 6
653 700 6
634 223 6
1283 284 6
992 638 6
248 712 6
441 1183 6
1520 644 6
391 320 6
1382 748 6
1382 1126 6
276 796 6
1527 712 6
1041 712 6
1041 51 6
1041 780 6
41 42 6
604 733 6
441 851 6
441 653 6
341 1496 6
851 441 6
614 1525 6
1036 1516 6
341 1496 6
393 1525 6
943 1517 6
614 712 6
604 733 6
1166 1423 6
31 1517 6
1516 1036 6
1517 943 6
31 459 6
791 1035 6
31 1517 6
31 772 6
604 733 6
604 733 6
604 733 6
41 393 6
604 733 6
604 733 6
1506 1116 6
604 733 6
1338 131 6
604 733 6
127 846 6
66 1495 6
66 1500 6
66 1506 6
1312 568 6
1189 49 6
822 284 6
321 1216 6
66 1506 6
877 1361 6
1179 1392 6
308 1496 6
41 1506 6
41 1506 6
1172 653 6
1216 321 6
41 963 6
127 846 6
127 846 6
877 712 6
705 1235 6
1037 780 6
1189 280 6
1037 1488 6
595 1178 6
284 1496 6
253 1189 6
41 1506 6
1312 568 6
41 1506 6
127 846 6
1172 653 6
1338 198 6
713 712 6
1312 568 6
713 1399 6
253 1189 6
724 634 6
1507 1020 6
253 1189 6
1507 1520 6
66 1495 6
497 707 6
809 232 6
1520 1507 6
1283 1316 6
1312 568 6
1507 1520 6
1338 275 6
397 353 6
1172 653 6
1520 1507 6
397 1525 6
597 1079 6
1312 568 6
1312 568 6
1501 1502 6
1172 653 6
127 846 6
1507 707 6
732 1312 6
1525 594 6
1507 1183 6
1502 1501 6
127 846 6
127 676 6
1025 614 6
1180 130 6
315 508 6
1183 441 6
446 1525 6
1183 1507 6
595 1186 6
703 1508 6
282 1392 6
282 1501 6
8 281 6
1501 1502 6
1488 208 6
1183 1471 6
282 1501 6
282 1501 6
1502 1501 6
1338 315 6
1501 1502 6
280 1189 6
282 1501 6
282 1501 6
193 997 6
282 1501 6
1501 605 6
351 907 6
780 712 6
193 979 6
782 1525 6
614 1025 6
752 5 6
193 352 6
193 1126 6
877 1361 6
193 559 6
193 1003 6
732 782 6
193 793 6
37 560 6
307 738 6
851 37 6
732 918 6
193 1177 6
1294 391 6
193 464 6
616 249 6
732 782 6
634 724 6
1288 211 6
616 249 6
732 782 6
616 249 6
1488 1288 6
572 60 6
1471 1183 6
86 712 6
1183 1471 6
144 585 6
1374 1528 6
892 67 6
841 712 6
376 941 6
1184 40 6
117 193 6
639 1467 6
639 1525 6
1116 1506 6
1529 1191 6
748 712 6
270 712 6
1235 705 6
270 898 6
748 473 6
777 516 6
501 777 6
1519 715 6
748 1382 6
748 172 6
1032 1495 6
705 1235 6
1032 1495 6
1420 1355 6
501 777 6
1471 1183 6
501 777 6
446 1525 6
1235 705 6
340 1422 6
1280 162 6
501 777 6
260 834 6
501 777 6
545 1361 6
1399 713 6
545 724 6
1337 837 6
1216 472 6
834 260 6
1507 1183 6
1337 372 6
1337 98 6
1337 1507 6
1337 66 6
732 782 6
1184 40 6
1422 340 6
1337 1507 6
1507 357 6
472 1216 6
705 739 6
604 430 6
340 1422 6
1337 1507 6
1337 1035 6
260 834 6
732 782 6
1175 678 6
1508 1439 6
678 1175 6
1422 340 6
441 1183 6
340 1422 6
40 276 6
1422 340 6
732 143 6
1164 712 6
1516 448 6
18 1429 6
18 1429 6
732 1422 6
870 987 6
474 1104 6
732 1422 6
1422 732 6
308 753 6
1020 190 6
732 1422 6
1020 1507 6
84 732 6
331 351 6
600 1516 6
732 892 6
84 732 6
1516 600 6
600 1516 6
941 376 6
715 712 6
892 732 6
911 1512 6
1177 193 6
705 1530 6
1177 1050 6
8 281 6
8 1500 6
834 260 6
918 732 6
1488 208 6
1439 1508 6
1448 1020 6
1131 1424 6
117 193 6
851 275 6
851 275 6
851 275 6
1112 1516 6
1378 193 6
1378 712 6
203 1226 6
984 982 6
1432 634 6
599 846 6
949 352 6
1100 712 6
1531 851 6
599 846 6
898 270 6
700 192 6
1506 1018 6
793 1400 6
41 918 6
41 393 6
190 1020 6
780 1527 6
1183 1507 6
1183 441 6
780 1514 6
1437 293 6
322 297 6
322 340 6
297 322 6
322 297 6
322 340 6
780 1364 6
1519 715 6
780 1425 6
780 1425 6
41 322 6
41 572 6
780 987 6
780 385 6
1355 1508 6
1355 851 6
145 311 6
1243 1274 6
41 71 6
41 71 6
41 68 6
104 1443 6
541 378 6
8 281 6
634 724 6
341 1405 6
341 1014 6
1223 1405 6
594 1525 6
581 625 6
113 769 6
1178 1508 6
482 820 6
1532 1488 6
1392 1179 6
1392 918 6
1392 282 6
508 1025 6
336 262 6
508 315 6
1188 712 6
1214 1082 6
1188 625 6
605 1501 6
1166 482 6
1506 1533 6
1501 605 6
1188 453 6
40 472 6
40 712 6
605 1501 6
41 1533 6
709 645 6
35 210 6
1522 1517 6
1522 625 6
1312 506 6
1312 732 6
1415 712 6
734 275 6
619 26 6
1508 1355 6
71 302 6
1280 1355 6
585 144 6
703 296 6
1488 1532 6
1100 374 6
1433 1534 6
1488 41 6
1025 614 6
1025 508 6
517 1487 6
1025 1516 6
830 1198 6
517 1535 6
1074 707 6
560 37 6
1531 851 6
767 796 6
1531 851 6
851 1355 6
1400 793 6
1234 1467 6
625 1188 6
625 1522 6
482 820 6
66 1488 6
11 365 6
29 131 6
244 193 6
1439 41 6
94 1384 6
1112 1516 6
634 1432 6
94 310 6
634 724 6
614 1025 6
1126 1014 6
675 393 6
634 724 6
965 851 6
604 430 6
724 634 6
232 192 6
634 724 6
328 1536 6
1364 642 6
1364 1392 6
66 1537 6
724 634 6
306 188 6
35 188 6
1401 94 6
453 1188 6
35 210 6
71 302 6
1135 375 6
1405 1223 6
1405 927 6
816 980 6
1035 791 6
1188 625 6
67 892 6
1188 453 6
503 1516 6
494 1212 6
494 1432 6
494 1366 6
494 171 6
494 1516 6
35 188 6
1112 1492 6
778 712 6
482 820 6
1327 238 6
616 1538 6
1223 1405 6
1538 937 6
282 1392 6
1284 1020 6
1210 1376 6
809 232 6
1376 1210 6
113 769 6
1210 1376 6
1392 1364 6
1392 282 6
356 1189 6
438 1448 6
356 1386 6
892 67 6
1538 1451 6
1363 281 6
1451 1538 6
734 1167 6
123 448 6
356 448 6
8 1284 6
619 1210 6
282 1392 6
619 26 6
907 351 6
1405 1223 6
1488 1288 6
281 1363 6
66 797 6
66 907 6
298 1174 6
1538 401 6
551 325 6
822 284 6
1462 401 6
1538 151 6
591 544 6
591 376 6
1538 151 6
1025 614 6
614 1025 6
705 1235 6
614 1025 6
375 823 6
822 1524 6
1439 1508 6
1358 1496 6
325 551 6
597 1537 6
1338 172 6
323 1536 6
1503 737 6
1353 41 6
1539 1439 6
371 1528 6
1539 1178 6
1182 375 6
1327 1177 6
1439 1539 6
113 769 6
102 1394 6
1338 1343 6
332 313 6
1436 1331 6
1436 1453 6
1322 937 6
1112 1540 6
1488 1288 6
482 820 6
937 1322 6
102 892 6
937 1322 6
882 325 6
1322 937 6
937 1322 6
1032 1280 6
1032 193 6
1541 41 6
192 232 6
1188 1281 6
1188 625 6
1541 1281 6
40 472 6
40 641 6
1135 375 6
40 1247 6
40 1541 6
40 1135 6
31 1014 6
31 1542 6
428 1448 6
102 428 6
102 1230 6
620 1543 6
102 461 6
1507 1183 6
1507 1020 6
1331 1436 6
703 1230 6
1392 282 6
703 1230 6
703 1230 6
192 62 6
1020 1284 6
703 1230 6
1539 1439 6
62 192 6
703 296 6
1331 389 6
1331 389 6
1331 389 6
1341 1334 6
1432 634 6
1506 1409 6
506 1312 6
375 1182 6
1544 1331 6
1331 805 6
62 922 6
446 123 6
1439 1539 6
1035 298 6
399 600 6
1521 219 6
1544 1331 6
1544 1331 6
219 1521 6
399 473 6
1539 1439 6
1541 1281 6
325 882 6
102 1230 6
634 1432 6
102 1430 6
192 62 6
420 1068 6
102 1517 6
1462 372 6
62 192 6
282 1392 6
673 281 6
1290 1334 6
786 1489 6
8 1509 6
642 1364 6
1425 338 6
786 1338 6
581 625 6
1254 1331 6
616 430 6
1467 1338 6
877 1539 6
1338 786 6
1338 1467 6
1478 657 6
809 1539 6
1392 282 6
877 1539 6
262 336 6
421 307 6
1542 281 6
877 1539 6
713 1539 6
1025 614 6
1533 41 6
829 1425 6
604 430 6
0 1439 6
0 1439 6
248 1503 6
248 1540 6
1545 31 6
809 1539 6
1157 712 6
614 1025 6
982 984 6
1467 1338 6
786 1338 6
1183 1507 6
102 1307 6
482 820 6
322 513 6
1545 1546 6
1243 614 6
1539 1547 6
657 1478 6
1243 337 6
703 296 6
993 1539 6
482 820 6
211 1506 6
1184 675 6
494 1432 6
1325 84 6
546 1245 6
1180 1544 6
1012 84 6
1012 84 6
1516 1025 6
1245 98 6
98 1245 6
1516 503 6
108 31 6
1245 98 6
84 1325 6
371 863 6
1082 84 6
1068 420 6
41 1533 6
508 1025 6
142 200 6
1245 546 6
84 1082 6
293 1548 6
1549 1546 6
1396 293 6
1284 1020 6
1520 1500 6
877 1488 6
877 1488 6
446 123 6
142 1338 6
1358 1341 6
1488 545 6
1488 545 6
1338 1545 6
1545 1338 6
877 1488 6
142 1338 6
1157 1376 6
211 1550 6
1545 1338 6
1551 1552 6
1550 211 6
1545 1553 6
1552 1551 6
1551 813 6
1551 1552 6
1552 1551 6
441 1183 6
1439 1516 6
338 1425 6
399 473 6
1516 1439 6
482 820 6
452 515 6
1141 1516 6
399 1554 6
399 1554 6
703 68 6
1519 503 6
1555 1556 6
482 820 6
41 753 6
1188 1281 6
870 408 6
399 1418 6
1188 453 6
41 1557 6
713 1492 6
1411 371 6
41 1558 6
1376 1157 6
1550 211 6
809 1411 6
809 1411 6
277 882 6
41 373 6
1516 1141 6
1188 474 6
791 371 6
501 1188 6
1415 399 6
1415 399 6
1411 809 6
399 1141 6
1415 84 6
809 1411 6
1100 1492 6
1508 1439 6
1188 1559 6
501 399 6
220 1560 6
1279 8 6
1561 1516 6
1560 220 6
501 1188 6
344 258 6
399 1415 6
220 1322 6
1414 41 6
501 399 6
1188 1519 6
1188 1519 6
220 1281 6
501 399 6
376 941 6
1492 713 6
501 399 6
71 302 6
41 1414 6
1519 927 6
501 399 6
501 399 6
1430 341 6
845 131 6
703 71 6
1538 1562 6
703 71 6
1538 1562 6
882 277 6
1430 767 6
47 1014 6
1544 1180 6
474 399 6
399 474 6
474 399 6
175 100 6
1488 545 6
1563 1564 6
1471 1374 6
1563 772 6
798 31 6
341 1430 6
399 474 6
1404 515 6
1404 1372 6
870 1411 6
131 845 6
341 808 6
113 769 6
1439 1508 6
1439 1074 6
1439 1074 6
1322 220 6
1508 1439 6
397 464 6
397 464 6
397 464 6
397 464 6
102 1430 6
1358 1341 6
1188 474 6
31 798 6
1188 625 6
798 31 6
102 1486 6
102 1486 6
102 1345 6
1439 1508 6
1188 625 6
31 108 6
1193 1013 6
1188 321 6
102 1361 6
1416 751 6
2 686 6
1433 173 6
1433 1343 6
102 1416 6
102 1361 6
102 1361 6
102 1361 6
102 1361 6
1372 1404 6
482 820 6
1565 546 6
102 1361 6
546 1565 6
102 1361 6
102 1361 6
102 1361 6
102 1361 6
256 41 6
102 699 6
966 71 6
102 1216 6
102 657 6
102 281 6
102 1486 6
1017 1566 6
256 808 6
1141 399 6
211 1550 6
41 256 6
734 1167 6
40 1553 6
464 397 6
211 1288 6
751 1416 6
102 1539 6
1252 767 6
734 809 6
102 1553 6
1361 538 6
8 1500 6
102 1567 6
751 1361 6
172 1338 6
102 219 6
923 1157 6
102 696 6
102 1553 6
469 620 6
1567 1568 6
1568 1567 6
1567 1568 6
1567 393 6
1538 1567 6
1338 172 6
842 284 6
341 1361 6
127 1509 6
320 391 6
1100 1492 6
1178 1539 6
1065 1496 6
1533 41 6
1361 341 6
842 884 6
1500 355 6
767 1430 6
1338 1307 6
686 437 6
581 625 6
1025 614 6
738 437 6
1025 508 6
577 1283 6
1338 1307 6
1284 1025 6
568 966 6
102 219 6
102 1553 6
391 320 6
1025 1284 6
1446 1569 6
127 1509 6
1363 281 6
1188 545 6
481 1488 6
482 820 6
482 1166 6
1312 506 6
1547 302 6
371 791 6
371 791 6
501 1284 6
317 1126 6
1360 1182 6
317 983 6
855 0 6
1488 481 6
1166 482 6
858 1402 6
858 1521 6
614 1025 6
966 1488 6
616 733 6
275 851 6
1386 614 6
1386 614 6
703 62 6
1271 767 6
1312 482 6
1214 792 6
1025 614 6
842 1194 6
1555 1570 6
102 1553 6
1074 1439 6
102 1467 6
1467 1234 6
1435 572 6
1435 572 6
1539 1178 6
1539 1547 6
1488 208 6
737 1503 6
102 1539 6
102 1467 6
142 200 6
355 1500 6
248 1560 6
845 131 6
102 1539 6
210 127 6
102 1539 6
308 1507 6
1428 1571 6
482 1166 6
482 1166 6
482 820 6
102 907 6
1364 1392 6
1012 696 6
1364 642 6
1509 127 6
1539 1547 6
1100 1492 6
102 276 6
232 192 6
733 616 6
734 809 6
1539 713 6
232 809 6
302 1547 6
302 71 6
102 863 6
572 1435 6
846 1565 6
1357 508 6
1402 858 6
102 1496 6
809 734 6
71 302 6
769 43 6
1396 293 6
809 232 6
1396 522 6
620 469 6
1157 923 6
43 769 6
154 232 6
927 1519 6
927 1405 6
31 982 6
8 1312 6
11 281 6
11 1312 6
823 375 6
1555 710 6
616 733 6
1555 710 6
616 249 6
1396 822 6
1555 710 6
800 1245 6
1571 1428 6
11 281 6
1555 710 6
1555 710 6
11 281 6
123 446 6
1396 822 6
1396 822 6
1189 393 6
393 1567 6
232 154 6
556 62 6
11 281 6
31 1080 6
1254 1331 6
1345 1313 6
11 281 6
11 281 6
556 791 6
508 1025 6
1506 211 6
1538 733 6
703 62 6
568 1312 6
113 769 6
113 102 6
1432 982 6
703 501 6
482 820 6
1400 927 6
517 1487 6
446 123 6
162 1207 6
791 556 6
791 371 6
703 203 6
31 1572 6
791 1035 6
253 1572 6
1538 203 6
1538 1572 6
1538 1572 6
1539 993 6
1572 1419 6
1572 787 6
678 1573 6
28 84 6
11 31 6
1539 28 6
1572 727 6
1545 1572 6
703 203 6
11 1296 6
1572 728 6
192 232 6
28 1539 6
11 31 6
1309 1574 6
703 821 6
703 821 6
11 31 6
1488 1532 6
2 31 6
8 1572 6
31 2 6
102 113 6
102 1539 6
1538 522 6
7 1521 6
734 517 6
1544 1556 6
1520 253 6
734 1574 6
734 809 6
1020 1284 6
1520 253 6
2 31 6
1520 253 6
568 28 6
568 28 6
8 1520 6
730 823 6
1508 1439 6
1433 173 6
11 7 6
597 1575 6
966 962 6
2 1576 6
700 325 6
127 1509 6
1567 393 6
966 962 6
858 1402 6
1254 66 6
1577 750 6
1439 1508 6
1254 1331 6
1577 1447 6
494 1042 6
249 474 6
494 1212 6
2 1576 6
517 734 6
2 1577 6
1177 1396 6
473 399 6
0 855 6
1578 700 6
1579 31 6
473 748 6
839 1396 6
2 1576 6
494 1432 6
494 1366 6
1312 506 6
1312 506 6
474 249 6
1189 1567 6
1576 2 6
537 1580 6
1312 1013 6
66 1312 6
1579 1189 6
966 962 6
11 1312 6
2 1576 6
11 7 6
1576 2 6
102 1230 6
392 1189 6
494 66 6
1567 1189 6
66 1312 6
102 494 6
66 1312 6
104 1572 6
870 1567 6
1579 1328 6
1042 494 6
1042 494 6
1579 1328 6
11 7 6
31 2 6
870 1567 6
703 1577 6
11 1386 6
1579 1328 6
41 1560 6
173 1433 6
66 1312 6
52 1507 6
232 192 6
102 1553 6
1553 102 6
1579 1328 6
102 1553 6
1579 1328 6
1311 307 6
104 1386 6
356 1567 6
1579 1328 6
1553 102 6
232 809 6
102 1553 6
356 1520 6
1312 41 6
1553 102 6
102 1553 6
1311 1012 6
356 966 6
1553 102 6
1579 1328 6
1539 28 6
1312 241 6
1035 791 6
102 1553 6
1553 102 6
18 1572 6
918 102 6
356 1581 6
1420 484 6
1579 1328 6
540 399 6
356 1303 6
1281 1541 6
102 918 6
616 733 6
616 249 6
870 1567 6
616 733 6
703 1579 6
1281 220 6
703 1230 6
616 733 6
522 1538 6
680 1117 6
482 1312 6
1117 680 6
8 1311 6
808 341 6
680 1117 6
1117 680 6
808 256 6
66 1230 6
703 616 6
249 616 6
66 1312 6
703 1579 6
707 948 6
1312 482 6
102 616 6
703 1579 6
703 1579 6
680 1117 6
707 864 6
787 1572 6
1117 680 6
707 811 6
1545 31 6
66 1312 6
102 43 6
62 556 6
66 1572 6
482 1312 6
1013 1312 6
1312 66 6
1342 1358 6
1312 1013 6
1555 710 6
1342 1341 6
568 249 6
66 1312 6
1341 1358 6
1342 1341 6
1341 1342 6
1285 1342 6
1342 1285 6
1341 1342 6
1342 1341 6
1545 31 6
1342 1341 6
809 734 6
1341 1342 6
1285 1342 6
966 89 6
1341 1342 6
1342 1341 6
1342 1285 6
1578 1312 6
1342 1341 6
680 1117 6
1285 1342 6
809 232 6
1342 1285 6
102 1342 6
1341 1342 6
1341 1342 6
1285 1342 6
89 966 6
1342 102 6
1555 84 6
1342 1285 6
1341 1342 6
1285 1342 6
1342 1341 6
1342 1285 6
1285 1342 6
966 89 6
1341 1342 6
469 620 6
1342 1285 6
1578 84 6
1285 1342 6
1555 84 6
1578 84 6
703 1579 6
703 1579 6
1578 84 6
639 1467 6
1436 1331 6
1582 296 6
66 31 6
1318 615 6
1578 614 6
1555 84 6
1488 154 6
482 820 6
1488 481 6
918 102 6
918 41 6
316 306 6
1555 84 6
1578 355 6
1499 1446 6
11 1285 6
1446 1499 6
375 823 6
1578 84 6
1488 154 6
1499 1446 6
102 918 6
316 306 6
1488 154 6
1037 1488 6
1432 494 6
614 1578 6
1555 84 6
316 306 6
1555 1280 6
1488 1037 6
1555 474 6
316 306 6
1555 1399 6
316 306 6
1555 474 6
619 26 6
1555 474 6
619 26 6
213 1572 6
1555 474 6
619 26 6
546 1245 6
1488 154 6
1574 734 6
1492 1112 6
1574 1309 6
1555 474 6
1392 1364 6
1492 1583 6
482 820 6
1555 597 6
620 469 6
680 1041 6
1583 1492 6
1492 1583 6
316 1533 6
597 474 6
8 787 6
657 102 6
474 597 6
102 1584 6
657 192 6
102 657 6
1415 399 6
52 307 6
877 1584 6
8 1312 6
8 1520 6
8 1509 6
8 1337 6
11 1285 6
604 733 6
597 474 6
1245 546 6
41 918 6
11 1296 6
41 71 6
8 739 6
8 497 6
8 1341 6
1544 1585 6
238 1327 6
52 8 6
1358 1341 6
11 1484 6
52 8 6
1188 1183 6
1545 31 6
1544 11 6
1544 11 6
1561 927 6
1188 501 6
1279 8 6
102 1584 6
1401 1446 6
1358 1342 6
597 1561 6
927 1561 6
927 1400 6
474 597 6
1296 11 6
71 41 6
41 71 6
1561 597 6
1561 927 6
102 108 6
192 657 6
1572 1172 6
1172 1572 6
1572 1172 6
1230 66 6
1555 1245 6
625 581 6
877 1584 6
820 482 6
1017 1584 6
1327 238 6
8 31 6
580 327 6
580 327 6
1100 1492 6
327 580 6
1172 1572 6
327 580 6
927 1561 6
1555 1245 6
1584 1017 6
1017 1584 6
481 1586 6
877 1586 6
545 1586 6
1555 1544 6
1561 927 6
1572 1172 6
1555 142 6
713 1586 6
1500 355 6
713 1492 6
1555 892 6
1519 927 6
703 62 6
713 1539 6
1555 1556 6
1519 927 6
1017 1584 6
175 100 6
1586 713 6
1517 1522 6
851 965 6
1517 102 6
1520 41 6
846 1520 6
1555 1544 6
1013 1312 6
1184 1586 6
846 1577 6
1509 127 6
1555 1544 6
355 1500 6
713 1586 6
927 1519 6
1184 1416 6
102 1517 6
481 203 6
481 388 6
1519 927 6
1488 481 6
734 517 6
604 1184 6
1488 680 6
1184 1443 6
1488 926 6
734 809 6
604 748 6
734 1574 6
1443 104 6
1443 104 6
218 1180 6
1042 1584 6
604 748 6
1488 877 6
1555 1399 6
1488 877 6
1555 1401 6
1488 877 6
877 1488 6
1545 66 6
1488 877 6
1586 713 6
1488 877 6
1555 1280 6
877 1488 6
8 1520 6
1555 1544 6
1488 877 6
1382 748 6
1184 1382 6
8 1520 6
8 1520 6
1587 501 6
877 1586 6
877 501 6
1555 1544 6
1587 1283 6
713 1586 6
40 540 6
1587 501 6
40 1579 6
40 1588 6
40 615 6
1555 1581 6
40 2 6
481 1488 6
1555 1230 6
8 678 6
877 1020 6
1555 143 6
1541 1281 6
297 517 6
912 483 6
1280 1555 6
912 846 6
143 1555 6
1555 1280 6
1382 1184 6
143 1555 6
1184 1382 6
1555 143 6
8 1184 6
8 678 6
1589 1488 6
143 1555 6
1325 57 6
371 1541 6
1005 1447 6
371 877 6
877 371 6
248 1572 6
870 1447 6
143 1555 6
870 1447 6
8 678 6
143 1555 6
870 259 6
424 764 6
296 1582 6
1563 597 6
143 1555 6
1544 1590 6
143 1555 6
1545 66 6
104 1443 6
143 1555 6
143 1555 6
619 26 6
703 62 6
780 2 6
1545 1591 6
559 322 6
761 1488 6
761 1504 6
761 1584 6
307 1311 6
761 1495 6
1188 7 6
761 991 6
761 1496 6
761 625 6
761 1592 6
1020 877 6
1593 1032 6
1179 1392 6
823 730 6
1401 1555 6
1586 713 6
1547 302 6
1279 559 6
341 1361 6
341 808 6
1012 1311 6
249 568 6
