864 707 7
52 307 7
31 1545 7
559 1279 7
1254 1331 7
1574 734 7
1585 1544 7
1585 1555 7
1585 1594 7
979 709 7
568 249 7
625 761 7
734 1574 7
1271 767 7
52 307 7
469 620 7
31 1576 7
393 1581 7
1595 807 7
1392 1179 7
1364 1392 7
1584 1017 7
1584 1042 7
1017 1584 7
1584 761 7
43 102 7
581 625 7
700 1578 7
581 597 7
700 316 7
1252 49 7
102 43 7
821 703 7
293 1396 7
846 912 7
619 26 7
1071 799 7
1593 1376 7
28 1539 7
1071 1157 7
28 568 7
1071 877 7
102 1071 7
28 1586 7
638 102 7
638 18 7
619 26 7
1311 1012 7
1311 307 7
877 1071 7
1311 1343 7
638 102 7
349 1550 7
556 62 7
619 26 7
1392 1364 7
1012 1311 7
1030 1108 7
625 581 7
1157 1071 7
800 1245 7
800 248 7
619 26 7
1338 1545 7
493 388 7
1012 464 7
82 1243 7
1032 1593 7
1385 1579 7
1584 1032 7
1578 341 7
1578 700 7
388 481 7
388 493 7
1279 559 7
2 35 7
1414 41 7
2 780 7
703 957 7
957 958 7
957 703 7
8 1195 7
66 1545 7
2 71 7
464 1012 7
2 31 7
2 1439 7
2 35 7
1555 1585 7
1555 1401 7
1338 1343 7
2 35 7
203 481 7
203 703 7
203 1538 7
1496 761 7
1569 1446 7
1100 1492 7
764 424 7
481 388 7
481 203 7
1581 393 7
1550 349 7
1584 1581 7
1283 1587 7
1581 1584 7
94 1245 7
94 1392 7
94 1401 7
388 481 7
767 1271 7
94 1572 7
949 388 7
1501 237 7
907 102 7
767 1271 7
94 1117 7
316 700 7
2 35 7
40 609 7
40 615 7
40 1462 7
822 494 7
822 102 7
94 298 7
800 1245 7
40 1141 7
40 438 7
1488 481 7
40 1252 7
40 1338 7
40 1484 7
281 1363 7
94 1364 7
1188 321 7
1488 761 7
321 1216 7
322 559 7
281 1542 7
620 469 7
1396 293 7
620 1062 7
1435 572 7
1252 767 7
2 43 7
767 1252 7
1577 846 7
1374 1471 7
1577 336 7
699 336 7
248 43 7
560 94 7
494 822 7
1561 1435 7
469 620 7
1507 308 7
1561 822 7
616 249 7
1545 66 7
1545 1338 7
11 1296 7
1367 1141 7
1252 767 7
572 1435 7
11 100 7
1110 1581 7
308 1507 7
102 1168 7
1135 761 7
1168 727 7
767 1252 7
2 134 7
1030 830 7
256 41 7
508 1586 7
256 1596 7
1555 1280 7
1180 218 7
277 1038 7
614 328 7
620 469 7
1216 321 7
66 1216 7
57 1325 7
1038 277 7
481 388 7
1188 321 7
1313 251 7
1486 49 7
1071 1157 7
808 256 7
1226 325 7
1245 94 7
277 1038 7
1117 302 7
703 957 7
1488 481 7
1545 1435 7
26 1030 7
1157 1071 7
703 474 7
302 1117 7
481 193 7
31 1576 7
1386 104 7
918 41 7
750 821 7
1312 506 7
388 481 7
388 949 7
1446 1569 7
1488 545 7
102 918 7
1446 1401 7
1488 481 7
1488 1587 7
1488 481 7
321 1216 7
885 767 7
494 1042 7
446 123 7
1597 644 7
985 162 7
469 620 7
1597 983 7
1597 985 7
985 1264 7
678 985 7
1521 7 7
678 985 7
631 271 7
506 1312 7
473 1207 7
1597 631 7
1521 219 7
1521 1586 7
1597 559 7
1597 1328 7
1597 87 7
1597 31 7
1345 1313 7
1597 1598 7
1597 31 7
1597 31 7
1597 321 7
285 201 7
1597 31 7
1597 1541 7
1597 666 7
1581 1110 7
800 1245 7
581 625 7
1245 800 7
1597 154 7
1597 880 7
1597 734 7
1597 709 7
1597 474 7
349 1550 7
1597 918 7
1597 800 7
1597 709 7
1597 1343 7
767 1216 7
1597 340 7
1597 709 7
1597 666 7
1597 1186 7
709 609 7
1597 340 7
1597 666 7
1597 43 7
709 1488 7
1597 1261 7
1597 340 7
1597 331 7
1597 653 7
1597 776 7
1597 840 7
1597 1264 7
1597 1264 7
1597 653 7
1597 1038 7
1597 1264 7
1597 548 7
809 734 7
1597 548 7
966 548 7
1597 1264 7
1597 548 7
966 548 7
1597 548 7
1597 1264 7
966 548 7
568 28 7
1597 1264 7
703 474 7
1597 624 7
966 548 7
1597 1513 7
1597 966 7
1351 1579 7
822 548 7
966 548 7
41 918 7
1597 1251 7
1597 355 7
1597 340 7
609 709 7
1041 680 7
1597 355 7
1597 1135 7
1488 709 7
966 548 7
822 548 7
1597 1245 7
1488 481 7
28 568 7
102 918 7
1597 392 7
966 548 7
1597 1173 7
822 548 7
1495 761 7
1597 1486 7
548 966 7
1597 1173 7
1597 355 7
966 548 7
822 548 7
1597 344 7
1520 846 7
1597 1495 7
1597 1590 7
1577 750 7
1597 1106 7
1577 846 7
1597 1226 7
1597 1557 7
1597 1560 7
1597 1486 7
1584 1032 7
11 1296 7
1597 1167 7
1597 1486 7
851 1439 7
1597 1226 7
1439 1418 7
2 1439 7
31 1195 7
546 1245 7
356 1584 7
65 281 7
703 1584 7
1284 1020 7
1195 31 7
356 616 7
1230 66 7
1539 28 7
1055 211 7
1284 1599 7
535 371 7
1325 57 7
1600 616 7
1104 1153 7
821 750 7
638 18 7
31 1576 7
448 123 7
1284 96 7
365 1348 7
1519 448 7
1104 1439 7
1600 773 7
1439 1104 7
31 1576 7
482 820 7
1600 524 7
365 1348 7
1574 734 7
1104 1439 7
1439 1104 7
545 597 7
1519 1512 7
31 1576 7
809 734 7
1157 1071 7
678 1573 7
1579 1385 7
580 327 7
1579 94 7
11 7 7
1579 1351 7
1538 1038 7
580 1601 7
580 1601 7
1538 1581 7
1597 1343 7
1597 983 7
1584 713 7
1597 1343 7
1519 450 7
1519 450 7
1519 450 7
1597 1484 7
1597 597 7
1597 567 7
1141 1367 7
1597 1281 7
1597 84 7
1189 392 7
1597 1194 7
1597 1167 7
1584 1189 7
1189 1581 7
1597 1358 7
1597 1189 7
1584 1189 7
1584 1189 7
1281 1541 7
1597 397 7
1597 707 7
1597 1303 7
1519 459 7
1533 316 7
1597 1281 7
1600 1281 7
1597 84 7
1584 1042 7
1597 1194 7
1597 657 7
1597 336 7
1597 1281 7
1584 302 7
1600 1281 7
1600 1281 7
1597 253 7
1597 49 7
800 312 7
1312 506 7
1312 1013 7
1188 7 7
501 932 7
1597 253 7
1597 1175 7
1597 253 7
1597 1596 7
1600 1539 7
1600 1281 7
1361 341 7
302 1214 7
1597 298 7
842 1194 7
1600 1281 7
1597 298 7
1597 276 7
1488 481 7
1361 301 7
1488 1532 7
1597 326 7
1471 1374 7
1575 597 7
1597 397 7
1597 397 7
703 474 7
1312 1578 7
966 302 7
1519 512 7
1519 512 7
1597 1214 7
1597 397 7
1597 397 7
1214 302 7
1597 397 7
1597 1478 7
1597 397 7
1597 1471 7
1374 1471 7
1597 397 7
1597 1005 7
1597 397 7
1597 397 7
1597 397 7
1488 545 7
1597 397 7
1597 397 7
1012 298 7
1520 846 7
1157 1584 7
1012 1488 7
517 297 7
302 1214 7
1214 302 7
517 297 7
392 1189 7
1157 1593 7
66 429 7
1602 1516 7
302 1214 7
517 297 7
1602 1516 7
1488 545 7
517 297 7
1593 1157 7
1291 597 7
1361 251 7
1516 62 7
302 1214 7
1516 62 7
911 374 7
52 1348 7
52 645 7
620 469 7
1254 1331 7
1593 541 7
62 1603 7
809 232 7
1604 778 7
1338 542 7
62 911 7
911 62 7
1313 1345 7
1313 251 7
911 62 7
1561 1345 7
777 973 7
1516 62 7
67 322 7
1561 1067 7
1561 1067 7
494 1042 7
1555 1280 7
1555 1585 7
1555 282 7
1605 884 7
494 1042 7
494 1042 7
1561 1067 7
1561 1067 7
1561 1067 7
877 1188 7
761 1496 7
761 1495 7
918 302 7
918 869 7
1164 620 7
1164 937 7
1519 1035 7
374 911 7
1538 436 7
1032 1584 7
1032 1604 7
568 1312 7
1488 545 7
1488 545 7
792 1214 7
1538 1055 7
371 535 7
371 1539 7
1264 937 7
937 1264 7
541 1593 7
1538 1023 7
1280 1555 7
1496 761 7
1496 1593 7
1541 1281 7
31 1576 7
31 429 7
1578 1312 7
948 707 7
1584 761 7
469 620 7
35 188 7
949 388 7
1328 525 7
535 371 7
1361 251 7
1361 341 7
513 761 7
712 1378 7
712 715 7
712 713 7
1547 1062 7
1547 302 7
1595 1606 7
941 1416 7
302 918 7
302 1547 7
556 791 7
1577 846 7
870 1607 7
1574 734 7
336 699 7
321 1020 7
1252 767 7
517 1487 7
918 302 7
41 1439 7
52 1550 7
911 374 7
593 751 7
424 764 7
1439 41 7
1312 1578 7
614 328 7
7 1188 7
1312 568 7
1538 707 7
1361 1607 7
8 1557 7
1198 830 7
1538 707 7
1312 1578 7
162 985 7
993 1539 7
1538 1401 7
1538 1401 7
1593 541 7
1593 1496 7
1538 1401 7
1386 11 7
1539 993 7
1539 371 7
506 1312 7
767 1252 7
66 1312 7
2 1608 7
1312 568 7
1312 568 7
830 1198 7
1312 568 7
568 1312 7
1312 568 7
700 316 7
1386 66 7
40 1496 7
1312 506 7
371 1539 7
188 35 7
41 1581 7
392 941 7
1539 371 7
8 1312 7
256 1609 7
1576 31 7
1071 1157 7
1574 734 7
349 1550 7
1602 333 7
94 560 7
94 298 7
94 1117 7
1602 333 7
94 1245 7
333 1602 7
94 1392 7
1519 1035 7
94 1364 7
94 1579 7
94 711 7
94 1392 7
620 469 7
1561 597 7
1581 41 7
1157 1071 7
123 446 7
123 448 7
1561 931 7
941 392 7
1581 1525 7
94 1117 7
318 1074 7
420 1435 7
94 1250 7
1610 1611 7
94 1384 7
791 556 7
882 244 7
1392 1612 7
371 1539 7
809 232 7
1117 94 7
545 1004 7
1004 545 7
482 1312 7
1364 94 7
1364 1392 7
1613 1602 7
870 1607 7
709 609 7
282 1555 7
1575 577 7
41 1596 7
0 41 7
506 1312 7
1074 318 7
52 1614 7
767 620 7
767 620 7
41 0 7
1575 822 7
1496 1593 7
40 1496 7
1058 1602 7
1520 41 7
1520 41 7
41 1364 7
1058 547 7
1520 41 7
1520 41 7
1474 1607 7
1520 846 7
1607 1474 7
446 123 7
1538 7 7
1538 7 7
1520 1117 7
11 1117 7
1520 1117 7
11 1576 7
11 1576 7
1538 1067 7
1538 1067 7
1597 336 7
1597 1328 7
1597 321 7
1597 880 7
31 377 7
1597 776 7
1597 1173 7
1538 1067 7
1597 1175 7
1597 1343 7
1597 840 7
1538 1067 7
1597 1164 7
1597 1164 7
1593 1496 7
1597 1005 7
1538 1067 7
1538 7 7
1538 1067 7
1538 1067 7
1538 7 7
31 7 7
1597 892 7
1597 1280 7
1597 538 7
1597 213 7
11 1576 7
356 1602 7
341 1038 7
1538 1038 7
1538 1038 7
1281 1541 7
388 949 7
1064 537 7
52 86 7
1538 1298 7
1538 1298 7
949 388 7
352 297 7
248 43 7
248 800 7
1183 371 7
1538 68 7
1538 68 7
1538 68 7
1538 1183 7
1392 1364 7
750 821 7
1615 1538 7
341 1038 7
1561 1516 7
1538 957 7
1541 1281 7
1538 957 7
821 750 7
1538 957 7
1538 957 7
1538 1187 7
1252 84 7
820 482 7
1564 277 7
1564 1563 7
712 748 7
712 1164 7
712 1527 7
1312 482 7
1312 506 7
599 846 7
1538 898 7
66 1602 7
1254 1331 7
298 94 7
1538 153 7
1519 1035 7
1538 153 7
1538 153 7
1538 575 7
1312 66 7
703 957 7
66 1312 7
869 918 7
545 1254 7
1488 307 7
371 1183 7
1521 1183 7
1521 1564 7
275 851 7
1564 1251 7
302 918 7
302 918 7
1020 321 7
1538 436 7
1575 203 7
1538 1102 7
877 597 7
1587 516 7
1439 1182 7
1439 1418 7
203 1575 7
1251 1564 7
1555 282 7
1564 1471 7
1488 877 7
1471 1564 7
1564 1471 7
1576 1555 7
1564 932 7
1564 932 7
1555 1576 7
1282 1616 7
1564 932 7
932 1564 7
1188 7 7
1597 336 7
1576 1555 7
1471 1564 7
1597 892 7
1564 1471 7
1597 336 7
1538 1617 7
680 108 7
1602 356 7
1602 66 7
244 882 7
791 1035 7
297 352 7
271 631 7
791 1035 7
1564 1378 7
49 1615 7
712 545 7
712 1587 7
198 1581 7
162 1207 7
1615 49 7
1495 761 7
35 188 7
851 275 7
312 800 7
1615 1172 7
554 597 7
144 585 7
751 593 7
1538 1337 7
808 341 7
1538 1130 7
40 1496 7
1538 1130 7
307 1516 7
307 59 7
1516 307 7
1538 436 7
1538 436 7
1538 436 7
337 1243 7
320 391 7
522 227 7
1577 846 7
1577 846 7
1577 750 7
808 208 7
1313 1345 7
798 198 7
508 1025 7
8 1337 7
2 251 7
1020 1448 7
780 1549 7
581 1260 7
393 1189 7
800 312 7
282 1555 7
1538 1584 7
712 545 7
1538 7 7
1538 7 7
11 1576 7
94 1392 7
1291 241 7
1254 545 7
1271 1279 7
1538 1401 7
1279 1271 7
8 1279 7
202 474 7
1538 526 7
1035 1519 7
1035 791 7
1035 1122 7
1035 506 7
26 619 7
1618 1401 7
49 1615 7
1184 1172 7
482 820 7
296 556 7
1264 937 7
811 707 7
1615 49 7
388 949 7
1486 160 7
26 619 7
1618 174 7
1338 604 7
949 388 7
1351 1579 7
599 846 7
1600 604 7
1600 1281 7
798 198 7
1189 392 7
1538 1619 7
1538 1619 7
1189 61 7
1615 1172 7
1618 1510 7
1189 1348 7
1615 1600 7
1564 619 7
1538 1619 7
41 1620 7
1538 1619 7
820 482 7
1597 776 7
619 1564 7
1600 1615 7
1597 767 7
1600 1615 7
1597 336 7
482 820 7
1597 1226 7
1564 619 7
809 232 7
809 232 7
1581 198 7
356 1602 7
711 94 7
1538 1621 7
1013 1486 7
1615 1172 7
1538 996 7
392 1189 7
316 1183 7
394 446 7
1172 1615 7
1058 1602 7
1243 337 7
26 619 7
1622 524 7
619 1243 7
712 713 7
1243 619 7
712 911 7
732 963 7
102 1237 7
59 307 7
446 394 7
11 1576 7
198 1581 7
732 1117 7
732 1607 7
732 1607 7
732 1607 7
732 625 7
1157 1564 7
322 67 7
1488 877 7
197 100 7
1283 949 7
1623 732 7
966 732 7
1623 732 7
446 732 7
732 446 7
966 302 7
1168 732 7
446 732 7
1618 711 7
1364 41 7
1623 140 7
546 526 7
1623 223 7
1623 233 7
52 1550 7
408 562 7
52 1622 7
1183 316 7
102 657 7
1183 1549 7
102 408 7
297 572 7
966 302 7
340 792 7
188 35 7
219 1041 7
1538 1130 7
604 1338 7
604 1600 7
619 1564 7
604 296 7
524 1622 7
102 657 7
703 733 7
307 59 7
508 1049 7
508 1025 7
1600 604 7
604 1600 7
227 522 7
1600 604 7
604 1600 7
966 302 7
1038 1315 7
1486 1013 7
1600 219 7
219 233 7
1600 604 7
219 1600 7
1453 1436 7
966 302 7
1422 1157 7
1618 219 7
1600 219 7
233 219 7
966 302 7
26 619 7
966 302 7
486 597 7
949 1283 7
949 1283 7
26 233 7
365 66 7
365 1600 7
1584 1042 7
1577 846 7
1577 341 7
40 1584 7
501 932 7
638 18 7
1597 1584 7
685 1624 7
1597 725 7
66 276 7
102 1597 7
66 68 7
102 638 7
1625 0 7
767 1597 7
1581 198 7
26 1597 7
1042 1584 7
1435 420 7
780 1313 7
1538 1298 7
963 732 7
281 1626 7
1618 780 7
1618 780 7
1618 780 7
1618 780 7
1157 1422 7
40 1584 7
232 809 7
1157 1584 7
1157 1422 7
1574 734 7
1283 949 7
219 1600 7
219 233 7
535 732 7
1584 1042 7
233 219 7
102 408 7
1280 1597 7
388 949 7
966 1157 7
1526 143 7
66 317 7
66 317 7
599 1453 7
198 1581 7
1071 1157 7
1157 1071 7
1157 1071 7
1157 1071 7
1157 1071 7
1157 1071 7
1157 1071 7
351 839 7
546 711 7
546 711 7
546 711 7
966 1157 7
820 482 7
949 1283 7
949 388 7
175 1602 7
1195 154 7
625 732 7
1577 846 7
1577 341 7
1584 1042 7
154 1195 7
734 1574 7
1126 404 7
734 809 7
1508 351 7
724 1259 7
1581 198 7
104 584 7
351 1508 7
102 276 7
524 1622 7
102 898 7
102 1014 7
356 1358 7
18 638 7
0 1625 7
142 356 7
1358 356 7
2 59 7
1041 219 7
614 822 7
1618 296 7
1618 711 7
851 1610 7
851 1610 7
223 1623 7
851 1610 7
604 1600 7
1104 839 7
851 1610 7
703 733 7
1625 0 7
144 932 7
144 643 7
1624 685 7
1395 668 7
0 1625 7
0 311 7
0 1625 7
506 1035 7
1618 1099 7
102 907 7
102 757 7
1618 757 7
757 1618 7
703 733 7
1618 757 7
1623 223 7
1623 233 7
1042 1584 7
858 724 7
809 232 7
1538 1337 7
1623 1517 7
809 1623 7
1623 809 7
1008 462 7
1547 1597 7
508 892 7
1547 302 7
326 1597 7
223 1623 7
1312 506 7
341 1254 7
388 949 7
388 1575 7
1538 1627 7
1312 506 7
703 733 7
67 322 7
703 733 7
1521 1183 7
1521 1597 7
1623 223 7
223 1623 7
703 501 7
703 733 7
703 501 7
1361 341 7
712 732 7
1521 1615 7
712 911 7
1521 858 7
173 1230 7
809 1623 7
71 1315 7
175 1602 7
1623 809 7
808 341 7
703 1602 7
1521 174 7
102 873 7
102 436 7
703 733 7
1195 154 7
1195 154 7
703 733 7
1538 1195 7
341 1049 7
142 356 7
142 356 7
559 1628 7
232 809 7
341 388 7
1564 1378 7
809 1623 7
809 232 7
388 341 7
1545 1618 7
1618 1545 7
102 1418 7
1567 1041 7
1338 473 7
52 1584 7
1025 508 7
1313 780 7
546 31 7
26 619 7
474 202 7
1538 153 7
1338 604 7
1542 474 7
703 1564 7
1564 1378 7
703 733 7
949 388 7
703 733 7
474 1542 7
703 733 7
248 1628 7
102 1237 7
421 1298 7
102 1237 7
1230 1338 7
494 1629 7
248 1607 7
918 302 7
154 1195 7
799 1071 7
102 918 7
1338 322 7
1338 1068 7
1575 577 7
703 1230 7
248 1361 7
703 1230 7
473 1338 7
31 546 7
703 1230 7
703 1230 7
546 710 7
811 707 7
703 1230 7
1338 473 7
546 710 7
703 1230 7
619 232 7
703 1230 7
546 710 7
232 619 7
593 751 7
232 809 7
546 710 7
972 253 7
1593 218 7
218 1593 7
696 1630 7
546 710 7
678 918 7
546 710 7
1593 218 7
710 1622 7
619 966 7
1544 258 7
678 918 7
546 710 7
604 1338 7
678 918 7
604 1338 7
1538 1254 7
966 619 7
780 1313 7
619 966 7
966 619 7
353 1372 7
616 733 7
616 733 7
1623 809 7
473 1338 7
616 733 7
616 733 7
1281 1600 7
616 733 7
619 966 7
616 733 7
1615 1172 7
604 733 7
616 733 7
1406 1188 7
604 1245 7
724 858 7
1226 1237 7
1615 1600 7
1615 581 7
798 301 7
1618 711 7
1280 1032 7
1237 1226 7
1338 604 7
1338 473 7
1538 1631 7
1313 780 7
1577 341 7
798 301 7
462 608 7
537 1064 7
462 1008 7
1281 1541 7
1520 851 7
1574 734 7
248 301 7
1575 1247 7
748 1486 7
516 1587 7
494 932 7
494 1212 7
494 497 7
494 740 7
1541 1281 7
248 707 7
404 397 7
740 494 7
767 1303 7
192 232 7
1303 767 7
1538 1345 7
870 296 7
322 67 7
322 1338 7
1174 298 7
297 322 7
870 1602 7
297 322 7
297 322 7
1488 877 7
1157 26 7
1538 598 7
870 1602 7
1188 482 7
1188 1406 7
102 494 7
102 1602 7
599 1453 7
1104 839 7
192 62 7
322 949 7
102 1602 7
1506 41 7
102 461 7
1174 298 7
1395 1617 7
192 281 7
192 117 7
1575 1033 7
192 1632 7
192 62 7
1296 799 7
703 1602 7
1392 94 7
192 84 7
1412 799 7
391 320 7
966 192 7
1536 323 7
675 1205 7
1536 328 7
703 1602 7
1615 253 7
1538 1205 7
142 356 7
949 322 7
1538 1038 7
497 494 7
1615 581 7
1542 474 7
703 1602 7
297 572 7
1584 1042 7
171 1602 7
337 1243 7
1538 1038 7
1542 62 7
1542 474 7
506 1312 7
1602 171 7
1542 281 7
297 572 7
619 26 7
1615 581 7
297 572 7
297 572 7
767 1303 7
1615 939 7
1345 1313 7
397 404 7
1615 581 7
1038 1631 7
581 1615 7
642 1364 7
297 572 7
297 572 7
297 572 7
1615 939 7
1243 337 7
1183 1521 7
66 1564 7
686 1615 7
1303 767 7
233 1243 7
1243 233 7
1564 66 7
1564 173 7
554 1633 7
1377 1634 7
52 1584 7
1251 1615 7
1615 1251 7
1615 1251 7
712 877 7
1564 173 7
1251 1615 7
712 713 7
712 545 7
1251 1615 7
1564 173 7
1615 1251 7
1490 131 7
1188 501 7
1251 1615 7
1615 1251 7
1564 175 7
52 1635 7
52 1635 7
1382 1635 7
52 1635 7
1377 1634 7
52 1635 7
52 1635 7
983 1635 7
1538 1055 7
1538 1055 7
780 1313 7
200 1615 7
678 962 7
1564 227 7
102 71 7
1008 927 7
1008 751 7
1008 176 7
320 391 7
341 1577 7
41 1506 7
131 1490 7
508 1025 7
508 710 7
556 296 7
298 1174 7
298 1174 7
298 1174 7
522 227 7
1126 68 7
0 160 7
26 1157 7
26 619 7
1622 710 7
712 911 7
712 545 7
712 883 7
712 877 7
712 841 7
712 270 7
712 748 7
102 461 7
52 1622 7
839 1104 7
508 839 7
858 1521 7
1502 1501 7
808 1521 7
808 341 7
320 276 7
846 1577 7
712 508 7
522 614 7
1629 494 7
619 26 7
798 1607 7
218 1593 7
1538 752 7
792 862 7
1538 1298 7
345 1615 7
1364 642 7
1364 1392 7
1538 1298 7
1313 780 7
1252 1364 7
1538 1636 7
431 1586 7
1538 1636 7
1313 1345 7
1637 1632 7
1487 517 7
26 619 7
253 972 7
253 1615 7
522 614 7
604 430 7
388 829 7
1628 559 7
1538 1345 7
494 740 7
494 497 7
1433 173 7
391 320 7
820 482 7
1538 1168 7
1172 1615 7
1538 1345 7
1161 912 7
949 494 7
391 1314 7
160 0 7
1538 1038 7
160 1486 7
1538 1509 7
1538 1509 7
767 1252 7
740 494 7
1509 2 7
1226 1237 7
377 31 7
430 604 7
616 703 7
616 703 7
1593 218 7
604 430 7
430 604 7
703 616 7
616 703 7
703 616 7
616 703 7
522 192 7
522 869 7
522 66 7
1538 176 7
176 1008 7
1538 176 7
1538 176 7
1538 1337 7
142 581 7
1538 176 7
1538 1337 7
808 256 7
1538 176 7
1538 1337 7
1538 1337 7
1538 176 7
830 494 7
1538 176 7
870 182 7
296 556 7
870 296 7
296 870 7
703 616 7
1051 1135 7
1112 1552 7
102 494 7
686 756 7
102 604 7
175 1564 7
1538 1638 7
1538 298 7
1538 1638 7
1538 298 7
1538 1639 7
1538 1638 7
1538 1639 7
1538 1068 7
1538 1639 7
1538 1068 7
1545 1618 7
1252 767 7
1032 1280 7
1032 1280 7
248 301 7
232 192 7
1538 1020 7
1564 175 7
1538 1020 7
1538 1168 7
811 1615 7
811 707 7
1538 298 7
1538 1168 7
233 1247 7
31 218 7
1411 809 7
1538 1168 7
817 371 7
1538 817 7
817 1268 7
1538 35 7
1538 1168 7
1538 817 7
1538 1168 7
1538 1168 7
1538 1168 7
877 1636 7
1538 1168 7
31 1337 7
1538 600 7
320 391 7
809 1411 7
1538 600 7
767 1252 7
1112 338 7
767 1303 7
175 1564 7
1564 175 7
616 703 7
175 1564 7
1364 1252 7
1564 175 7
703 616 7
1386 66 7
1386 11 7
1071 799 7
175 1564 7
1386 66 7
808 256 7
1386 66 7
767 620 7
2 1509 7
767 620 7
767 620 7
1157 26 7
94 1117 7
703 446 7
1157 1071 7
1386 767 7
1538 1442 7
517 1487 7
94 1364 7
94 298 7
94 711 7
94 1392 7
710 1622 7
1042 1584 7
11 1492 7
11 1638 7
1303 767 7
94 524 7
1640 94 7
522 175 7
678 66 7
94 524 7
767 1303 7
94 591 7
1538 377 7
94 524 7
1538 709 7
1641 678 7
94 1509 7
94 524 7
1303 767 7
1509 2 7
94 524 7
102 1020 7
94 524 7
1280 1032 7
524 94 7
678 1641 7
1338 1298 7
1641 678 7
966 192 7
102 898 7
218 31 7
1563 1564 7
26 1157 7
41 963 7
102 1230 7
2 134 7
102 1642 7
1386 767 7
1600 1281 7
1643 1538 7
1314 391 7
1636 877 7
1253 1233 7
703 1230 7
31 218 7
102 1230 7
1281 1600 7
1237 1226 7
678 1641 7
966 192 7
1641 678 7
1641 31 7
218 31 7
821 1641 7
1641 821 7
1641 821 7
678 1641 7
313 332 7
811 707 7
11 1386 7
1561 1298 7
877 1636 7
966 192 7
192 966 7
192 966 7
1100 712 7
8 1386 7
31 218 7
1538 1068 7
1538 1254 7
31 1641 7
1538 1254 7
11 1386 7
1538 1341 7
31 1644 7
712 508 7
143 1499 7
218 31 7
248 707 7
248 1644 7
1230 703 7
1230 703 7
31 218 7
1433 173 7
218 31 7
1538 1645 7
545 712 7
1538 1646 7
1538 1646 7
422 1496 7
1538 1645 7
870 296 7
1538 1646 7
391 320 7
1041 614 7
72 1645 7
1629 388 7
703 1230 7
1645 72 7
877 1646 7
72 1645 7
391 1314 7
1298 1645 7
1298 1645 7
877 1646 7
1298 1645 7
751 597 7
1645 1298 7
1645 1298 7
1254 877 7
985 162 7
296 870 7
1645 1298 7
1538 1646 7
870 296 7
1643 1600 7
1538 1646 7
870 296 7
102 1645 7
877 1646 7
1538 1646 7
1538 1646 7
1538 1646 7
296 870 7
1538 1646 7
1254 877 7
1538 1646 7
102 1645 7
173 1433 7
1600 1645 7
102 1230 7
232 192 7
130 1254 7
568 1521 7
1269 831 7
1600 1615 7
175 522 7
619 26 7
1600 604 7
1600 219 7
356 142 7
192 232 7
356 1643 7
1520 827 7
522 175 7
320 391 7
1618 1647 7
192 232 7
175 522 7
192 1645 7
1643 356 7
1488 877 7
40 522 7
102 1230 7
1254 1112 7
26 619 7
40 175 7
40 522 7
232 192 7
619 26 7
1640 1538 7
190 1096 7
26 619 7
192 1645 7
1096 190 7
1096 1269 7
619 26 7
192 232 7
388 1629 7
232 192 7
1645 192 7
219 1600 7
870 296 7
192 1645 7
219 233 7
707 811 7
524 18 7
192 1129 7
1615 1600 7
1129 192 7
192 1129 7
1129 192 7
26 619 7
1538 1210 7
493 388 7
493 388 7
911 712 7
1623 1252 7
192 1129 7
846 1386 7
591 94 7
619 26 7
1640 969 7
8 1312 7
1129 33 7
969 127 7
1640 969 7
26 619 7
1157 26 7
1623 718 7
26 1157 7
1157 712 7
1623 1499 7
1041 614 7
1234 1467 7
1157 26 7
642 1364 7
1188 1488 7
1484 1402 7
1640 969 7
1285 1230 7
1640 340 7
809 232 7
1008 176 7
1112 1564 7
1313 1345 7
26 1157 7
969 1640 7
11 1492 7
377 1538 7
560 94 7
821 1641 7
1112 543 7
877 1488 7
11 1638 7
102 1230 7
1623 718 7
1157 26 7
619 26 7
1112 543 7
1542 591 7
127 969 7
1112 543 7
1112 543 7
26 1157 7
11 365 7
1112 543 7
8 31 7
8 31 7
1112 543 7
8 31 7
192 1645 7
1157 26 7
1112 543 7
1615 1251 7
842 870 7
842 1236 7
1251 1615 7
391 320 7
932 144 7
66 821 7
1615 1251 7
932 494 7
842 1552 7
142 356 7
1236 842 7
1112 543 7
776 1638 7
1618 838 7
1618 838 7
1618 838 7
1538 35 7
1538 1020 7
1538 1020 7
1425 338 7
1425 829 7
337 1243 7
1425 1065 7
66 1425 7
1538 1020 7
1342 280 7
1618 772 7
1521 808 7
1521 858 7
1521 1183 7
969 127 7
1188 1646 7
248 1628 7
1521 858 7
1521 1617 7
1112 127 7
1284 1564 7
127 969 7
1284 1640 7
481 1488 7
1564 1284 7
568 1521 7
1284 1564 7
1112 543 7
1112 127 7
1538 658 7
1112 1254 7
1541 539 7
1538 1648 7
543 1112 7
1564 1284 7
821 66 7
808 545 7
1284 1564 7
1112 543 7
297 572 7
297 572 7
297 572 7
233 219 7
1247 233 7
1646 1188 7
297 572 7
545 808 7
842 870 7
1538 1646 7
842 1236 7
1112 494 7
297 572 7
1112 436 7
877 712 7
620 767 7
176 1008 7
0 160 7
1616 1282 7
1366 1484 7
1112 134 7
134 41 7
134 1355 7
1616 369 7
26 1157 7
1325 712 7
2 1509 7
134 1485 7
2 134 7
1112 134 7
1488 877 7
1488 481 7
1112 134 7
1488 248 7
2 134 7
2 71 7
1538 203 7
1538 1572 7
1538 1572 7
1269 1096 7
2 134 7
1269 1096 7
1538 1572 7
2 134 7
2 134 7
2 134 7
1112 134 7
1567 1041 7
134 1112 7
1538 1572 7
1112 134 7
1538 1572 7
71 2 7
1544 1555 7
1279 47 7
1279 47 7
1345 1313 7
1279 47 7
1279 47 7
1279 47 7
1279 47 7
1279 47 7
134 0 7
1279 47 7
1279 47 7
1279 47 7
1279 47 7
102 29 7
1279 47 7
102 29 7
1618 592 7
29 102 7
1279 47 7
102 29 7
29 102 7
1575 388 7
1188 1646 7
765 251 7
1032 1280 7
437 686 7
437 686 7
437 1318 7
1135 1051 7
1439 437 7
1648 1538 7
734 1574 7
481 1488 7
190 737 7
1251 1615 7
0 134 7
591 1542 7
232 809 7
1183 1521 7
280 1342 7
1271 1129 7
336 1640 7
963 41 7
963 41 7
1487 517 7
1068 1538 7
1645 192 7
1637 1645 7
1233 1253 7
535 932 7
26 619 7
1579 1351 7
248 1488 7
448 1519 7
1579 94 7
33 1129 7
1637 1632 7
831 1269 7
1499 1623 7
1623 1499 7
1499 143 7
1312 1402 7
1041 614 7
1312 568 7
1041 1567 7
614 1041 7
1041 614 7
446 703 7
8 1641 7
8 1648 7
8 1649 7
8 1646 7
8 1645 7
8 1642 7
8 1643 7
8 1647 7
8 1639 7
8 1650 7
8 1651 7
8 1636 7
1051 1135 7
8 1640 7
8 1621 7
8 1617 7
8 1620 7
958 957 7
8 1312 7
8 1312 7
8 1312 7
778 839 7
1253 1233 7
8 1195 7
1623 724 7
8 900 7
8 616 7
143 1499 7
737 190 7
724 1623 7
49 757 7
517 1487 7
1279 1037 7
328 614 7
328 1536 7
1318 437 7
94 591 7
94 1579 7
1402 1484 7
473 614 7
1402 1312 7
1623 724 7
767 1303 7
604 1600 7
1364 642 7
1288 699 7
388 493 7
388 493 7
1636 8 7
1488 481 7
1386 11 7
1386 8 7
1386 11 7
1386 846 7
1386 66 7
616 8 7
535 932 7
190 737 7
430 726 7
1280 1032 7
1641 31 7
1652 1602 7
1641 8 7
1618 1628 7
1254 1652 7
248 1235 7
281 192 7
740 1254 7
1254 740 7
740 1254 7
8 1641 7
8 616 7
8 1636 7
8 1386 7
8 281 7
401 680 7
1157 26 7
219 233 7
219 233 7
1157 1071 7
1331 290 7
1331 290 7
1331 290 7
877 1488 7
1487 517 7
614 1041 7
614 473 7
1135 1051 7
1623 280 7
26 1157 7
1577 341 7
1577 846 7
699 1288 7
1117 94 7
643 144 7
1316 49 7
1037 1279 7
1615 1251 7
494 830 7
494 949 7
1615 811 7
1441 882 7
1615 1172 7
494 740 7
1615 345 7
494 932 7
494 1112 7
1615 1521 7
1303 767 7
127 1112 7
1579 94 7
1254 740 7
481 1488 7
1071 1157 7
233 219 7
49 1316 7
969 1640 7
11 1386 7
11 1386 7
1328 982 7
1641 8 7
619 26 7
1641 1170 7
31 1641 7
811 1615 7
1646 1538 7
811 707 7
1157 26 7
11 996 7
1412 799 7
1646 1188 7
1157 1071 7
1646 8 7
1157 26 7
11 996 7
356 1643 7
356 142 7
356 591 7
1251 1615 7
870 842 7
369 1616 7
8 1646 7
8 1641 7
1157 1216 7
1216 1157 7
1486 748 7
1486 160 7
1486 1597 7
1574 734 7
517 1487 7
568 1312 7
711 94 7
1519 448 7
1519 911 7
1172 1615 7
822 1575 7
822 614 7
1129 33 7
1129 1271 7
1129 192 7
1509 2 7
614 822 7
26 1157 7
1422 1157 7
1129 1525 7
1129 1525 7
1129 1525 7
616 8 7
1311 455 7
1188 1646 7
1618 174 7
614 1129 7
1615 1251 7
8 616 7
1312 8 7
1646 1188 7
1312 568 7
1646 8 7
1646 877 7
1646 1653 7
1646 1004 7
1618 1640 7
436 1112 7
1618 1640 7
757 1618 7
1542 591 7
2 43 7
2 35 7
1312 1402 7
539 1541 7
756 686 7
858 1521 7
233 1254 7
1041 614 7
233 814 7
614 1041 7
192 1645 7
842 870 7
1032 1280 7
1652 1254 7
1487 517 7
280 1623 7
1343 1597 7
127 1377 7
1544 258 7
1544 258 7
1315 1038 7
1433 173 7
360 1435 7
752 1538 7
414 1623 7
1643 519 7
519 1643 7
949 494 7
1647 280 7
1315 71 7
360 863 7
1643 811 7
1212 494 7
0 43 7
280 1647 7
1316 918 7
1623 280 7
1623 414 7
972 253 7
307 1640 7
280 1623 7
1600 219 7
248 298 7
1641 31 7
1600 1615 7
1233 1253 7
918 1316 7
8 1646 7
1254 233 7
1254 1652 7
1600 604 7
1020 1538 7
1041 614 7
173 1433 7
740 494 7
614 1041 7
1623 280 7
877 1646 7
687 325 7
1654 1640 7
1654 740 7
1654 1597 7
740 1654 7
253 972 7
616 8 7
1640 1618 7
248 1654 7
1640 307 7
616 253 7
1157 26 7
1157 1422 7
1628 1618 7
1157 1071 7
1628 248 7
1071 1157 7
1640 1654 7
248 1628 7
1602 1652 7
1654 248 7
1654 740 7
248 1654 7
1646 877 7
1646 8 7
1654 248 7
248 1654 7
1637 1409 7
280 331 7
1342 280 7
248 733 7
8 1646 7
8 616 7
616 8 7
8 616 7
280 1342 7
280 1623 7
1552 842 7
422 865 7
808 1405 7
1189 1284 7
707 811 7
11 1386 7
1405 808 7
26 619 7
1311 1655 7
296 556 7
26 1157 7
877 1646 7
724 1623 7
877 1254 7
219 233 7
517 1487 7
219 1600 7
1647 280 7
932 494 7
932 535 7
1587 712 7
233 219 7
1080 31 7
1555 1544 7
877 1425 7
1647 801 7
356 773 7
1647 89 7
356 1564 7
280 1647 7
356 1425 7
356 1361 7
356 1361 7
1647 280 7
1647 8 7
219 233 7
1647 1618 7
66 1656 7
280 1647 7
818 1641 7
356 1102 7
1623 280 7
356 1623 7
740 1654 7
1657 276 7
66 1643 7
1623 356 7
1647 280 7
280 1623 7
356 1623 7
1623 280 7
1623 356 7
280 1647 7
356 1623 7
280 1623 7
740 1254 7
280 316 7
1623 356 7
545 773 7
535 932 7
66 1636 7
882 1441 7
842 1552 7
673 1623 7
2 0 7
1361 356 7
1499 143 7
1641 818 7
1647 864 7
1647 864 7
1657 985 7
1647 962 7
1647 1626 7
1647 1626 7
1647 1626 7
1541 539 7
911 1519 7
1656 66 7
1647 1176 7
1647 1176 7
1647 1176 7
11 526 7
1656 1020 7
1656 1020 7
11 1254 7
1471 814 7
11 1405 7
11 1439 7
11 1519 7
1656 1640 7
18 1129 7
1405 11 7
1656 712 7
1519 911 7
144 643 7
144 932 7
1519 11 7
1640 1656 7
1519 597 7
710 546 7
1656 1640 7
1519 1658 7
1640 1656 7
391 1659 7
1647 1550 7
1647 1550 7
1656 1640 7
1041 1640 7
1550 1647 7
1254 877 7
1656 1640 7
1640 1656 7
1041 1254 7
1254 740 7
1254 11 7
1254 1041 7
1647 1550 7
1188 481 7
1521 858 7
481 1188 7
1188 481 7
1041 1254 7
1041 1640 7
1521 568 7
877 1254 7
877 1188 7
535 1550 7
568 1521 7
1521 568 7
1254 1041 7
1254 877 7
1251 1615 7
1521 1254 7
1254 1521 7
1188 877 7
1041 1254 7
1521 1254 7
568 1521 7
1041 614 7
1254 1041 7
1254 1521 7
1041 1254 7
1254 1041 7
1521 1254 7
1439 11 7
1254 1521 7
1521 568 7
299 1656 7
1041 1254 7
1521 1254 7
1647 1282 7
877 1254 7
1254 1521 7
1254 1041 7
1254 877 7
143 1499 7
619 26 7
1655 1311 7
568 1521 7
1647 173 7
1405 1602 7
1602 1405 7
1157 26 7
1405 842 7
173 1647 7
1405 1602 7
1521 568 7
568 1521 7
1647 643 7
1157 378 7
1521 568 7
1647 173 7
1647 173 7
1041 711 7
842 1405 7
568 1521 7
1615 1251 7
1405 842 7
173 1647 7
173 1647 7
1647 173 7
842 1405 7
1647 173 7
1405 842 7
546 710 7
1521 568 7
1647 643 7
173 1647 7
173 1647 7
1641 678 7
546 710 7
203 1538 7
1647 173 7
173 1647 7
1647 1041 7
1041 1243 7
1647 173 7
678 1641 7
297 1352 7
173 1647 7
1641 678 7
1647 173 7
1041 1647 7
1352 297 7
710 546 7
568 1521 7
1602 1405 7
546 710 7
173 1647 7
1647 1041 7
710 546 7
1405 1602 7
1647 173 7
546 710 7
710 546 7
173 1647 7
546 710 7
1647 173 7
173 1647 7
1647 173 7
710 546 7
1051 1135 7
546 710 7
678 1641 7
877 712 7
297 352 7
1641 678 7
809 1364 7
1641 678 7
1405 1184 7
1184 1405 7
1405 1184 7
1647 1051 7
1184 1405 7
1405 1184 7
1641 1296 7
1641 1296 7
1112 494 7
1405 1641 7
371 568 7
1112 436 7
568 371 7
547 1058 7
371 568 7
547 127 7
1641 1405 7
282 1342 7
1405 1641 7
1641 1405 7
1405 1641 7
568 371 7
371 568 7
1641 1405 7
1351 1579 7
1405 1641 7
1405 1641 7
1641 1405 7
1405 1641 7
1641 1405 7
1517 1623 7
1405 1641 7
1641 1405 7
1405 1641 7
1641 1405 7
1405 1641 7
1641 1405 7
1405 1641 7
1405 1602 7
1602 1405 7
1641 1405 7
1602 1405 7
1405 1602 7
1405 1641 7
1405 1602 7
1602 1405 7
1405 1602 7
1602 1405 7
1405 1602 7
1313 1345 7
1214 1471 7
1635 983 7
437 1318 7
932 535 7
1195 8 7
251 765 7
1280 1032 7
1312 8 7
1312 8 7
1312 506 7
1386 11 7
360 637 7
360 1640 7
620 685 7
1135 1051 7
616 8 7
556 296 7
614 1041 7
943 814 7
1660 712 7
1345 1313 7
1660 1025 7
26 1157 7
26 619 7
1184 1405 7
1433 173 7
733 248 7
616 776 7
1433 1311 7
1358 1342 7
1311 1655 7
1311 1433 7
1311 1433 7
1433 1311 7
1311 1433 7
1311 1433 7
1433 1311 7
1433 1311 7
1311 1433 7
1311 1433 7
1386 1311 7
1433 1311 7
1311 1386 7
1311 1433 7
1433 1311 7
1184 1141 7
1386 1311 7
1386 1311 7
1311 1386 7
1386 1311 7
811 1643 7
1311 1386 7
1311 1386 7
1386 1311 7
1141 1184 7
1386 1433 7
1386 1343 7
1433 1386 7
1311 1386 7
1386 1433 7
1184 1141 7
1386 1311 7
699 821 7
1433 1386 7
1433 1386 7
1311 1386 7
1386 1433 7
750 821 7
1311 1386 7
1386 1311 7
1311 1386 7
1386 1311 7
1386 1433 7
1386 1311 7
1433 1386 7
1433 1386 7
1386 1433 7
1386 1433 7
248 1243 7
535 932 7
522 1661 7
522 1661 7
522 1661 7
153 1538 7
842 1405 7
160 0 7
160 1486 7
1041 614 7
593 276 7
593 259 7
71 1315 7
210 35 7
750 1577 7
1656 299 7
31 517 7
1441 882 7
712 1525 7
1487 517 7
1662 1620 7
1662 1620 7
173 1433 7
31 1656 7
1656 712 7
614 1041 7
1656 522 7
1656 392 7
1100 712 7
1405 842 7
0 160 7
0 2 7
1188 1014 7
1188 1014 7
1188 594 7
712 1100 7
712 1660 7
712 877 7
712 911 7
594 1188 7
619 26 7
1623 724 7
311 0 7
503 371 7
388 1575 7
1488 371 7
713 712 7
1284 1189 7
1284 1189 7
338 712 7
1284 1189 7
911 712 7
1623 1092 7
211 1055 7
474 1542 7
821 699 7
371 503 7
821 750 7
371 1488 7
1313 1345 7
371 1623 7
100 281 7
962 1647 7
1647 962 7
11 1386 7
11 1439 7
430 604 7
430 616 7
11 1519 7
11 1405 7
1623 371 7
1345 1313 7
392 1656 7
1623 1348 7
100 175 7
748 1486 7
100 197 7
643 1647 7
643 1243 7
748 712 7
352 297 7
1623 366 7
366 1623 7
1623 366 7
1331 494 7
1100 712 7
1141 1184 7
1579 1544 7
1331 297 7
1579 1351 7
280 1311 7
280 253 7
1311 280 7
1386 11 7
280 1311 7
1112 1462 7
1112 1567 7
175 100 7
1311 1386 7
1567 1112 7
616 430 7
1641 678 7
1422 1157 7
430 616 7
616 430 7
430 616 7
1519 11 7
1338 503 7
616 430 7
94 1117 7
1377 127 7
94 1579 7
94 711 7
1439 11 7
1348 1623 7
154 1579 7
858 1521 7
972 253 7
918 94 7
685 620 7
1345 1313 7
1623 1348 7
1564 356 7
830 1269 7
830 1186 7
1117 94 7
1184 1141 7
969 616 7
1184 535 7
481 462 7
1184 1311 7
481 193 7
1311 1184 7
175 1564 7
1564 175 7
1184 1311 7
1311 1184 7
175 1564 7
678 1641 7
1157 1422 7
1157 26 7
1157 1071 7
1184 407 7
430 616 7
1564 175 7
1184 742 7
175 1564 7
1184 1371 7
1184 1401 7
1564 175 7
175 1564 7
1564 175 7
616 430 7
616 969 7
175 1564 7
11 1439 7
962 1647 7
33 1129 7
436 1112 7
494 949 7
494 1212 7
1364 809 7
72 616 7
809 1364 7
297 352 7
18 1663 7
1012 1364 7
297 1331 7
923 767 7
767 923 7
620 767 7
724 1623 7
767 923 7
767 620 7
620 767 7
877 712 7
494 740 7
494 932 7
494 1112 7
494 1331 7
1564 175 7
175 1564 7
1112 1567 7
1433 173 7
1564 175 7
1600 219 7
1112 436 7
173 1433 7
969 616 7
1112 494 7
616 969 7
1313 1345 7
616 72 7
1564 175 7
1031 782 7
1564 2 7
1028 961 7
1664 1048 7
1112 1602 7
1664 1112 7
1112 1664 7
1664 1112 7
219 1600 7
1112 1664 7
680 108 7
1031 782 7
1252 1012 7
1252 1033 7
1184 712 7
422 1602 7
1031 782 7
422 1425 7
422 1664 7
842 1405 7
1664 422 7
1031 782 7
1345 1313 7
1031 782 7
1405 842 7
1031 782 7
1230 962 7
1031 782 7
71 678 7
1031 782 7
422 1664 7
1031 782 7
1031 782 7
1631 1038 7
740 494 7
1031 782 7
253 972 7
1031 782 7
0 311 7
1279 1286 7
1664 422 7
1664 1112 7
1600 219 7
1031 782 7
336 296 7
969 616 7
1031 782 7
1600 219 7
508 1664 7
2 1564 7
2 0 7
2 0 7
2 0 7
2 0 7
2 0 7
2 0 7
2 0 7
2 0 7
2 0 7
2 0 7
2 0 7
2 0 7
2 0 7
2 0 7
2 0 7
2 0 7
2 0 7
2 0 7
2 0 7
2 0 7
2 0 7
2 0 7
2 0 7
2 0 7
2 0 7
2 0 7
2 0 7
2 0 7
1660 712 7
508 782 7
1031 782 7
1243 643 7
1243 248 7
782 508 7
643 1243 7
175 1564 7
2 0 7
2 0 7
1031 782 7
711 94 7
1600 1665 7
711 1041 7
1112 1664 7
508 782 7
1600 1635 7
782 1031 7
782 1031 7
508 1462 7
1157 1071 7
1381 709 7
1157 1254 7
863 360 7
1031 782 7
420 1435 7
420 299 7
782 1031 7
26 1157 7
1031 782 7
842 1405 7
782 1031 7
1031 782 7
782 1031 7
1031 782 7
1012 1252 7
1664 572 7
572 1664 7
877 1664 7
175 1664 7
1664 572 7
1664 877 7
1157 26 7
1664 175 7
1664 508 7
1252 1012 7
8 1312 7
392 572 7
1189 1284 7
481 1664 7
1286 1279 7
1157 1664 7
1487 517 7
1666 1230 7
1028 1020 7
1028 1664 7
782 1031 7
1666 52 7
1666 1311 7
1311 1666 7
1647 336 7
1647 718 7
1230 1666 7
26 619 7
360 863 7
1031 782 7
572 392 7
1230 1600 7
782 1031 7
572 1664 7
360 696 7
392 572 7
1600 1230 7
1012 1252 7
1230 1600 7
360 1068 7
1031 782 7
1600 1230 7
1664 572 7
1664 1028 7
1230 1600 7
1664 1157 7
782 1031 7
1664 481 7
360 1055 7
360 1586 7
360 310 7
1486 160 7
1486 748 7
360 462 7
608 522 7
709 1381 7
818 1641 7
1600 1230 7
572 1664 7
1157 1664 7
1031 782 7
1312 8 7
1230 1600 7
730 1172 7
572 392 7
767 1303 7
730 823 7
1028 1664 7
1028 1471 7
1600 1230 7
1188 1664 7
1664 572 7
1252 1012 7
1303 767 7
1664 1188 7
782 1031 7
1188 1664 7
572 1664 7
1230 1600 7
1269 830 7
11 1386 7
808 1405 7
11 1254 7
1664 1028 7
1664 1188 7
175 1664 7
1188 1664 7
1664 175 7
175 1664 7
1664 572 7
1172 730 7
1664 175 7
1666 1230 7
1012 1252 7
26 1157 7
1135 1051 7
572 1664 7
1230 1666 7
1666 1230 7
1666 522 7
1188 1664 7
307 1600 7
1620 1662 7
402 301 7
949 494 7
1664 1188 7
1664 572 7
1252 1012 7
481 1664 7
572 1664 7
1664 949 7
877 1664 7
1620 41 7
1664 877 7
1664 572 7
360 808 7
877 1664 7
1012 1252 7
1188 877 7
877 1188 7
1188 877 7
572 1664 7
877 1188 7
877 1664 7
307 1600 7
307 1311 7
1311 307 7
869 1311 7
1188 1664 7
1311 869 7
1664 572 7
1311 869 7
1575 1664 7
572 1664 7
869 1311 7
1311 869 7
1664 1575 7
232 809 7
232 192 7
869 1311 7
192 232 7
1311 869 7
1600 307 7
232 192 7
1664 572 7
1600 1230 7
594 1100 7
192 232 7
594 1100 7
1541 467 7
572 1664 7
1600 392 7
517 1487 7
1230 1600 7
1541 232 7
1188 974 7
1541 1382 7
1071 1157 7
1382 1541 7
712 1100 7
517 1487 7
1069 597 7
281 8 7
1600 1230 7
1541 1382 7
1230 1600 7
40 1664 7
1471 1028 7
402 568 7
52 1666 7
1487 517 7
1487 517 7
1646 877 7
972 253 7
718 1647 7
1646 8 7
1647 718 7
608 1664 7
718 1647 7
1647 718 7
718 1647 7
1647 718 7
522 608 7
522 1666 7
522 40 7
197 1646 7
608 522 7
522 608 7
1646 1607 7
1386 11 7
11 1386 7
517 1487 7
608 522 7
1647 718 7
1607 1646 7
1386 11 7
696 360 7
767 1303 7
11 1386 7
1646 241 7
522 608 7
608 522 7
1646 197 7
1254 1157 7
1254 11 7
1646 1607 7
522 608 7
1296 1641 7
1607 1646 7
8 1646 7
8 281 7
1646 1607 7
1251 1615 7
241 1646 7
1646 8 7
1646 241 7
1607 1646 7
608 1628 7
297 517 7
1646 1607 7
241 1646 7
1405 808 7
1646 241 7
809 232 7
1607 1646 7
1567 1112 7
1646 1607 7
1646 1607 7
241 1646 7
1666 52 7
1070 1129 7
1666 52 7
1331 616 7
1341 1254 7
1544 1579 7
1646 241 7
52 1666 7
1041 711 7
1112 1567 7
11 1254 7
1331 52 7
1646 1296 7
1254 1341 7
1254 11 7
1646 467 7
1296 1646 7
233 1254 7
1646 192 7
1646 1296 7
467 1646 7
11 1254 7
1641 1296 7
1564 175 7
1303 767 7
233 219 7
1646 467 7
1296 1646 7
1254 233 7
1646 1296 7
175 1564 7
1296 1641 7
52 1331 7
1646 820 7
830 1269 7
1564 175 7
175 1564 7
52 412 7
1296 1646 7
1646 1296 7
1564 175 7
1296 1646 7
412 52 7
52 412 7
11 8 7
1157 1071 7
1544 1311 7
1157 26 7
1311 1544 7
1331 638 7
1331 638 7
767 1303 7
160 0 7
412 52 7
1311 1544 7
160 1486 7
1544 1311 7
1311 1544 7
1544 1311 7
1311 1544 7
1303 767 7
1544 1311 7
1575 1544 7
1544 1575 7
1311 1544 7
767 162 7
1544 1575 7
1544 1311 7
1575 1664 7
974 1188 7
969 501 7
494 1112 7
1311 1544 7
1544 1311 7
1575 388 7
1544 1311 7
1311 1544 7
1311 1544 7
1364 809 7
1186 830 7
1544 1311 7
1666 52 7
1364 1012 7
1157 1254 7
162 767 7
1311 1544 7
248 1243 7
52 1666 7
1544 1311 7
820 1646 7
336 1647 7
248 43 7
1311 1544 7
1544 1311 7
1311 1544 7
1544 1311 7
1544 1311 7
1544 1311 7
248 1664 7
1284 974 7
248 1311 7
1311 1544 7
597 1069 7
767 162 7
1311 248 7
1544 1311 7
248 1311 7
1311 1544 7
1544 1311 7
1311 248 7
1311 1544 7
392 1600 7
611 127 7
1544 1311 7
1311 1544 7
501 969 7
371 1623 7
1666 52 7
1544 1311 7
1311 1544 7
248 1311 7
1544 1311 7
685 767 7
1311 1544 7
685 1269 7
974 1284 7
809 1364 7
830 1186 7
1664 40 7
1342 1358 7
441 1564 7
26 1157 7
1342 280 7
1342 282 7
1157 26 7
175 1664 7
1647 336 7
8 1646 7
8 1544 7
877 1646 7
179 181 7
1100 712 7
619 26 7
1252 1012 7
467 1646 7
1252 1342 7
1635 1600 7
248 966 7
1544 8 7
1028 1471 7
1339 1028 7
1028 1339 7
1339 1028 7
1325 1028 7
1584 1581 7
1028 1325 7
1325 1028 7
1312 8 7
1667 808 7
1607 1646 7
40 522 7
40 1664 7
40 1028 7
