31 814 8
31 1664 8
1012 1364 8
1012 1252 8
66 1664 8
808 360 8
808 1405 8
808 1667 8
360 808 8
808 794 8
8 1544 8
8 1312 8
8 616 8
8 1312 8
8 1195 8
1252 1012 8
0 160 8
0 2 8
1560 248 8
280 1342 8
1668 1669 8
1560 41 8
1669 1668 8
1668 1669 8
248 1560 8
248 1560 8
1038 1315 8
52 1666 8
1623 371 8
614 1667 8
537 1670 8
1381 709 8
430 616 8
26 1157 8
1313 1345 8
26 619 8
1012 1252 8
52 1656 8
1252 1012 8
1666 52 8
1071 1157 8
1012 1252 8
1646 820 8
1646 877 8
1646 8 8
1646 1607 8
1254 1157 8
1386 11 8
1254 446 8
1386 1312 8
1386 1343 8
542 1188 8
317 66 8
1638 776 8
1343 1386 8
317 1284 8
1386 1343 8
1422 1157 8
1386 1312 8
503 1338 8
949 1664 8
1567 1112 8
709 1282 8
777 1028 8
1667 614 8
517 297 8
8 1646 8
614 1667 8
192 1646 8
508 1664 8
508 1025 8
1671 436 8
508 1254 8
767 685 8
1028 40 8
1028 777 8
1028 1488 8
1254 508 8
811 707 8
307 1600 8
1186 830 8
52 1666 8
71 41 8
1666 52 8
1666 52 8
1152 127 8
1656 52 8
160 0 8
52 1666 8
1069 597 8
52 1666 8
52 1656 8
41 71 8
1607 1646 8
1666 52 8
1656 52 8
52 1656 8
52 1666 8
360 1416 8
969 616 8
969 501 8
969 1640 8
1405 808 8
1012 1252 8
0 160 8
1157 1254 8
108 680 8
1157 1071 8
1157 1422 8
1157 1071 8
1071 1157 8
1071 1157 8
685 620 8
1157 1071 8
1157 1071 8
248 317 8
1435 420 8
248 1342 8
1157 1071 8
248 1647 8
1542 474 8
1284 317 8
248 1073 8
1486 1225 8
1252 1012 8
1486 160 8
1345 1313 8
1071 1157 8
1486 1672 8
1672 1486 8
1486 1672 8
1254 1157 8
481 1673 8
1254 1358 8
1188 619 8
1157 1071 8
1157 1254 8
1157 1254 8
808 1405 8
1674 581 8
1012 1252 8
446 1254 8
1030 41 8
710 643 8
643 710 8
1667 614 8
52 1666 8
710 643 8
1326 710 8
1487 517 8
100 175 8
1338 503 8
616 969 8
1640 969 8
616 1331 8
616 430 8
1666 52 8
616 969 8
710 1326 8
1640 969 8
616 643 8
1326 710 8
616 1666 8
1252 1012 8
707 811 8
767 1303 8
685 1675 8
494 740 8
281 65 8
1666 616 8
1230 1666 8
244 1282 8
1312 1386 8
1312 1386 8
1666 1230 8
643 616 8
352 297 8
1641 821 8
1312 8 8
352 193 8
160 0 8
160 1486 8
43 248 8
11 1386 8
1230 1666 8
11 1311 8
0 2 8
0 2 8
1312 8 8
508 1254 8
1135 780 8
1667 1378 8
1135 233 8
233 1135 8
616 1666 8
1342 1252 8
1342 280 8
1342 248 8
1301 337 8
1289 1676 8
1313 1345 8
56 1615 8
517 1487 8
1303 767 8
1544 8 8
1488 1028 8
1405 808 8
1667 453 8
620 685 8
1269 830 8
1269 685 8
517 1487 8
776 1638 8
643 1615 8
1129 33 8
1129 18 8
160 1672 8
1382 1541 8
392 262 8
392 1189 8
767 885 8
233 1615 8
1311 11 8
1541 1382 8
685 620 8
685 1269 8
1666 616 8
1269 685 8
11 1311 8
685 1269 8
233 1311 8
1311 11 8
233 1311 8
1311 233 8
11 1311 8
1311 11 8
33 1129 8
11 1311 8
233 1311 8
280 1342 8
1311 233 8
11 1311 8
1051 1647 8
1311 11 8
1311 11 8
11 1311 8
1051 1135 8
11 1311 8
1311 11 8
597 1473 8
11 1311 8
233 1311 8
1311 11 8
1311 233 8
11 1311 8
233 1311 8
1311 11 8
11 1311 8
1311 11 8
11 1311 8
1311 11 8
11 1311 8
1311 11 8
11 1311 8
1311 11 8
8 1312 8
11 1311 8
678 71 8
1378 1667 8
71 678 8
1311 11 8
233 1311 8
1311 233 8
341 543 8
11 1311 8
1525 1129 8
1311 11 8
522 1268 8
11 1311 8
233 1311 8
1311 11 8
11 1311 8
1311 233 8
1311 233 8
233 1311 8
1311 233 8
233 1311 8
581 1674 8
11 1311 8
280 707 8
1315 71 8
1311 11 8
11 1311 8
233 1311 8
678 71 8
1311 233 8
1311 11 8
233 1311 8
71 678 8
11 1311 8
1311 233 8
678 71 8
233 1311 8
1311 11 8
1311 233 8
11 1311 8
71 678 8
1311 11 8
780 1135 8
11 1311 8
11 1311 8
1311 11 8
11 1311 8
1331 616 8
1311 11 8
1311 11 8
11 1311 8
1311 11 8
11 1311 8
1311 11 8
11 1311 8
1311 11 8
11 1311 8
1311 11 8
1311 11 8
11 1311 8
1311 11 8
1643 811 8
1311 11 8
1643 66 8
808 1405 8
71 678 8
11 1311 8
808 1378 8
1342 280 8
356 1643 8
280 1342 8
356 1342 8
1647 248 8
1643 356 8
356 1615 8
356 1643 8
1601 58 8
1471 948 8
1647 1051 8
776 536 8
1643 356 8
356 1643 8
1585 1556 8
1247 767 8
337 1301 8
18 1129 8
1486 41 8
811 1643 8
18 1129 8
1601 1677 8
1678 1564 8
1622 710 8
1678 1564 8
1678 1564 8
1678 1564 8
1678 1564 8
1564 1678 8
248 43 8
1564 1678 8
248 1647 8
1678 1564 8
175 1564 8
1345 1313 8
1678 568 8
1675 685 8
1157 1071 8
685 1675 8
767 1247 8
1579 1544 8
31 1311 8
568 1678 8
1564 175 8
1311 31 8
175 1564 8
1643 811 8
1675 685 8
1579 1675 8
1675 1579 8
1564 175 8
175 1564 8
1675 1579 8
1564 1678 8
1564 175 8
1643 1622 8
1579 1576 8
1675 1579 8
1579 1675 8
1579 1675 8
1579 1675 8
1579 154 8
1678 568 8
1675 1579 8
1342 280 8
1313 1345 8
1675 1579 8
301 402 8
1342 356 8
1579 1675 8
1028 1488 8
1255 1679 8
1675 1579 8
1579 1675 8
1579 1675 8
1675 1579 8
568 1678 8
1678 1564 8
1675 1579 8
678 71 8
678 71 8
371 1342 8
1579 1675 8
1579 1675 8
1675 1579 8
799 1255 8
1675 1579 8
1564 1678 8
1342 371 8
1675 1579 8
1647 248 8
1579 1675 8
1675 1579 8
1255 799 8
620 685 8
1579 1675 8
1579 1675 8
1675 1579 8
1675 1579 8
1675 1579 8
1579 1521 8
430 616 8
1579 1675 8
248 1647 8
1675 1579 8
620 1525 8
248 1579 8
1579 1675 8
1579 248 8
620 1646 8
1675 1579 8
1071 1157 8
1157 1071 8
1579 1675 8
1071 1157 8
1544 1579 8
1646 8 8
1579 1544 8
1675 1579 8
1157 1071 8
1646 192 8
1646 1607 8
1579 1553 8
620 823 8
1646 620 8
8 1646 8
66 1071 8
1354 1032 8
1647 248 8
1071 1157 8
1579 1675 8
1157 1071 8
1354 1182 8
1646 8 8
1071 1157 8
1354 41 8
1157 1071 8
1071 1157 8
1675 1579 8
1157 1071 8
1579 1675 8
620 1646 8
620 767 8
1157 1071 8
1579 1585 8
1579 1282 8
1282 1579 8
1579 1282 8
1579 8 8
686 1680 8
371 1342 8
767 1615 8
371 712 8
1038 1315 8
1157 1071 8
1678 568 8
371 1492 8
371 1579 8
1579 517 8
1071 1157 8
1579 371 8
568 1678 8
1579 371 8
1282 1579 8
1579 1282 8
1678 1564 8
767 823 8
371 1579 8
1579 371 8
297 352 8
8 1579 8
371 1579 8
280 1342 8
1499 143 8
1579 371 8
1579 8 8
371 1579 8
1678 568 8
8 1579 8
1564 1678 8
248 1579 8
1579 8 8
1579 248 8
1564 175 8
8 1579 8
1579 8 8
8 1579 8
1579 8 8
1579 8 8
248 1579 8
8 1579 8
1579 1507 8
568 1678 8
1071 1157 8
1579 248 8
1553 1579 8
1230 233 8
175 1564 8
1579 8 8
248 1579 8
8 1579 8
1157 1071 8
1564 175 8
1579 1553 8
969 616 8
1579 248 8
1157 1071 8
1025 508 8
969 616 8
1579 8 8
175 1564 8
969 1640 8
248 1579 8
1071 1157 8
1378 808 8
1579 248 8
248 1579 8
1553 1579 8
1157 1071 8
830 1269 8
1579 248 8
1071 1157 8
1579 1553 8
1564 175 8
248 1579 8
1157 1071 8
1342 280 8
175 1564 8
1553 1579 8
1678 568 8
1157 1071 8
352 297 8
248 653 8
568 1678 8
1564 175 8
1678 1564 8
1553 1467 8
1553 1467 8
1553 1467 8
1564 1678 8
1564 175 8
175 1564 8
154 1579 8
1564 175 8
1405 1342 8
1678 568 8
175 1564 8
1342 1405 8
1405 1342 8
1564 175 8
568 1678 8
175 1564 8
297 352 8
1567 331 8
1342 1405 8
1405 1342 8
1405 1342 8
1678 568 8
1342 1405 8
1342 1405 8
1405 1342 8
1269 830 8
808 1378 8
371 481 8
481 371 8
192 1646 8
371 481 8
481 371 8
1378 808 8
808 1378 8
1674 581 8
1674 1074 8
1564 175 8
371 808 8
175 1564 8
371 481 8
515 1280 8
1564 175 8
175 1564 8
777 276 8
1564 175 8
175 1564 8
581 1674 8
808 371 8
1378 808 8
175 1564 8
1092 1623 8
1564 175 8
175 1564 8
1564 175 8
175 1564 8
1564 175 8
175 1564 8
1564 175 8
175 1564 8
1564 175 8
1254 508 8
619 26 8
619 653 8
143 1499 8
280 1342 8
280 1579 8
712 371 8
1312 1402 8
1312 8 8
31 1681 8
31 1682 8
31 1579 8
31 1641 8
175 1564 8
1607 1646 8
40 1028 8
1342 280 8
280 1342 8
1112 1342 8
535 192 8
1342 280 8
1342 1112 8
1280 515 8
1676 1584 8
1676 1289 8
1112 1342 8
1312 506 8
280 1342 8
1646 620 8
1646 192 8
1646 1607 8
1252 1342 8
321 1020 8
1675 1579 8
536 776 8
1666 1683 8
1623 1092 8
776 536 8
778 1307 8
1345 1313 8
1313 1345 8
1331 494 8
1252 1271 8
1442 546 8
666 1129 8
276 777 8
536 776 8
1561 1341 8
1672 160 8
1521 1579 8
1358 1254 8
336 316 8
1486 41 8
1307 778 8
1651 1513 8
614 615 8
1020 321 8
366 336 8
515 452 8
543 341 8
707 280 8
619 678 8
604 619 8
249 712 8
249 1664 8
678 619 8
473 1678 8
1607 1646 8
1607 798 8
1253 1233 8
798 1607 8
1607 798 8
1230 1666 8
798 1607 8
1607 798 8
1254 1358 8
1499 143 8
249 1254 8
249 1254 8
699 821 8
248 1020 8
619 678 8
678 619 8
620 1646 8
1254 1230 8
1230 1254 8
1254 1230 8
1252 1684 8
1252 1684 8
1382 1541 8
192 1646 8
1020 248 8
1544 1579 8
619 678 8
1544 1579 8
619 604 8
192 535 8
767 71 8
767 923 8
453 1667 8
31 1020 8
535 192 8
1020 31 8
391 71 8
1600 1382 8
1623 336 8
1342 1112 8
1382 1600 8
1342 280 8
1541 1382 8
1382 1541 8
1342 1252 8
1600 1382 8
1342 1405 8
321 1020 8
705 799 8
1382 1600 8
1600 1382 8
1382 1600 8
1600 1382 8
776 536 8
726 474 8
392 345 8
192 535 8
1600 861 8
192 1342 8
275 1342 8
1685 392 8
686 276 8
535 192 8
1342 192 8
192 1342 8
1342 275 8
1342 192 8
480 1647 8
192 1342 8
1342 192 8
171 839 8
171 494 8
1519 918 8
171 1602 8
1519 911 8
336 366 8
1519 1512 8
336 1623 8
1519 715 8
192 1342 8
883 712 8
798 1474 8
1313 1345 8
1521 536 8
1345 1313 8
727 1572 8
1188 1488 8
1188 127 8
877 1188 8
1188 877 8
1188 542 8
1188 1664 8
1188 1553 8
1446 1499 8
248 1020 8
932 1686 8
1513 918 8
1020 321 8
1020 248 8
127 1188 8
1687 1004 8
1687 388 8
1687 1188 8
0 2 8
1687 276 8
1252 271 8
1252 1687 8
1252 49 8
1675 1579 8
1252 1407 8
1028 40 8
1028 1236 8
275 1342 8
1685 219 8
1553 1188 8
461 1645 8
461 1637 8
1645 461 8
248 1020 8
712 883 8
1372 712 8
712 1325 8
712 1157 8
778 1307 8
248 546 8
1667 453 8
341 543 8
1585 1579 8
1188 127 8
1188 1687 8
1313 1345 8
1386 11 8
1386 1312 8
1386 1312 8
1473 597 8
1386 1312 8
1473 597 8
1188 1281 8
41 1160 8
1281 1188 8
41 1688 8
1157 712 8
41 1486 8
1637 461 8
1157 1422 8
605 1361 8
605 127 8
1407 1252 8
1647 480 8
1607 798 8
1195 8 8
40 1028 8
280 707 8
798 1607 8
1607 798 8
546 1442 8
1020 248 8
31 1688 8
1012 397 8
1364 809 8
41 1689 8
1689 41 8
1680 40 8
453 1667 8
1361 605 8
40 1680 8
41 1690 8
798 1607 8
1689 1343 8
1343 1689 8
1689 1343 8
918 1513 8
918 1519 8
473 1338 8
1343 1689 8
1343 1689 8
1689 1343 8
1315 1038 8
1252 1407 8
388 1687 8
233 1230 8
918 1597 8
233 52 8
811 1643 8
1189 392 8
712 1372 8
712 1157 8
712 40 8
256 134 8
1188 1281 8
1188 522 8
1656 299 8
8 1579 8
8 1312 8
190 1059 8
1401 1184 8
392 1189 8
1401 1618 8
1401 1538 8
1401 1538 8
1401 1680 8
248 1691 8
707 280 8
1028 40 8
175 1564 8
1271 1252 8
1402 1312 8
1252 1271 8
1271 1252 8
280 707 8
1247 130 8
198 62 8
198 62 8
1236 1028 8
1412 198 8
316 306 8
428 1567 8
1679 1255 8
473 519 8
858 546 8
948 1471 8
198 1254 8
546 858 8
1311 1343 8
870 591 8
40 1028 8
1325 712 8
1325 712 8
1028 1236 8
1028 40 8
1254 198 8
1188 428 8
248 193 8
248 620 8
467 1584 8
707 280 8
809 1364 8
40 1028 8
248 1254 8
1157 1071 8
1157 712 8
1157 541 8
51 1236 8
142 200 8
543 341 8
51 1184 8
1331 519 8
52 233 8
1312 1386 8
1312 1386 8
280 707 8
1312 1402 8
1312 8 8
1622 1643 8
1622 1643 8
1382 1635 8
1382 1635 8
1343 1311 8
620 248 8
1311 1343 8
1386 1312 8
1386 1312 8
40 918 8
473 399 8
1110 392 8
592 1618 8
1647 718 8
1312 1386 8
700 857 8
1312 1386 8
8 1312 8
1345 1313 8
1312 8 8
1028 40 8
8 1312 8
40 1028 8
198 1254 8
198 1412 8
198 1581 8
439 1383 8
439 1383 8
439 1383 8
439 1383 8
439 1383 8
619 700 8
767 1279 8
767 592 8
1372 712 8
160 1672 8
712 1325 8
712 1325 8
1372 620 8
712 1372 8
1643 1622 8
1372 712 8
248 620 8
1643 948 8
1647 948 8
248 1503 8
778 127 8
1554 399 8
778 743 8
1554 256 8
248 1647 8
1622 1643 8
392 1110 8
1539 375 8
1281 1188 8
1059 198 8
428 1188 8
1059 1186 8
1059 190 8
393 428 8
428 393 8
620 1372 8
1539 46 8
620 248 8
1646 1607 8
1646 620 8
276 686 8
276 1687 8
248 620 8
1646 192 8
620 1646 8
1188 1281 8
620 248 8
1188 428 8
1646 620 8
620 1646 8
83 1646 8
1646 620 8
1646 83 8
1646 83 8
1646 497 8
1279 767 8
877 1646 8
83 1646 8
1667 453 8
1189 392 8
248 620 8
1189 61 8
248 1539 8
1189 392 8
219 1685 8
767 1279 8
192 1646 8
83 450 8
83 450 8
83 450 8
83 1210 8
83 1210 8
360 637 8
392 1189 8
1071 1157 8
83 900 8
83 522 8
248 43 8
685 1675 8
685 620 8
241 428 8
494 1331 8
494 171 8
1519 918 8
1484 1366 8
620 1646 8
877 1425 8
473 241 8
453 1667 8
1402 1312 8
517 1579 8
1512 1519 8
241 473 8
1157 1071 8
1254 248 8
1564 175 8
248 1254 8
41 1254 8
1254 41 8
41 1254 8
918 1519 8
1254 41 8
1135 233 8
41 1254 8
1135 780 8
1135 1051 8
188 1640 8
1667 453 8
188 707 8
356 1425 8
1135 40 8
678 1280 8
428 1188 8
678 1280 8
428 241 8
1492 371 8
356 1553 8
1188 428 8
1280 678 8
1553 356 8
678 1280 8
428 1288 8
356 1553 8
1553 356 8
356 1553 8
356 134 8
356 428 8
1553 356 8
356 1553 8
280 1280 8
356 1553 8
1667 911 8
911 1667 8
1553 356 8
1553 356 8
356 1553 8
356 972 8
1553 356 8
705 1382 8
356 1553 8
356 1553 8
972 356 8
1553 356 8
1553 356 8
356 972 8
356 1553 8
175 1564 8
972 356 8
40 1135 8
356 1553 8
1553 356 8
1553 356 8
356 1545 8
356 1553 8
543 796 8
356 1014 8
1553 356 8
356 474 8
356 1553 8
1553 356 8
707 280 8
707 188 8
356 1553 8
356 707 8
1289 1676 8
1382 705 8
280 707 8
337 474 8
1553 356 8
1311 1012 8
256 1554 8
397 1012 8
233 1135 8
397 336 8
233 1311 8
1311 233 8
103 712 8
1539 248 8
1675 685 8
1539 371 8
233 1311 8
1539 713 8
685 1675 8
1311 233 8
1675 685 8
233 1311 8
1268 522 8
474 356 8
414 996 8
1656 1315 8
1315 1656 8
1656 1315 8
1656 1640 8
685 1675 8
40 1553 8
1675 685 8
798 1474 8
685 1675 8
127 1188 8
1012 1311 8
1675 685 8
127 778 8
1012 397 8
1539 439 8
1553 40 8
439 1539 8
1675 685 8
1675 685 8
1539 439 8
1545 192 8
948 1643 8
948 1647 8
1345 47 8
1279 767 8
1521 1615 8
780 1135 8
1184 51 8
414 840 8
1539 1282 8
320 391 8
1437 638 8
778 127 8
271 1252 8
1247 1675 8
40 1553 8
468 462 8
47 1345 8
47 1623 8
1623 47 8
47 1623 8
47 1247 8
1623 47 8
233 308 8
233 707 8
233 707 8
233 707 8
1028 40 8
1184 527 8
1226 1038 8
461 1637 8
461 712 8
796 543 8
541 1157 8
356 1362 8
1247 47 8
1135 40 8
248 1539 8
1135 233 8
1135 780 8
1607 1646 8
1433 1668 8
1433 173 8
143 1499 8
1433 1600 8
192 1545 8
767 1279 8
397 1012 8
1501 1692 8
248 1567 8
1230 1253 8
1038 1226 8
1038 1597 8
1407 1252 8
1230 1666 8
1038 1631 8
1038 341 8
336 397 8
1572 727 8
1012 397 8
767 800 8
366 1539 8
248 1129 8
1412 1667 8
1412 1667 8
522 1268 8
1412 799 8
52 1584 8
707 280 8
1345 47 8
1311 1012 8
1545 192 8
1252 271 8
1345 1313 8
1313 1345 8
1313 1345 8
882 277 8
1345 1313 8
160 161 8
1345 1313 8
780 1135 8
1600 1665 8
161 160 8
1668 1433 8
399 1554 8
40 1135 8
399 1680 8
40 1028 8
399 473 8
248 43 8
399 1254 8
2 35 8
2 43 8
1507 1579 8
453 1667 8
280 707 8
1643 948 8
399 600 8
1643 1303 8
1189 392 8
1303 1643 8
1643 1303 8
1303 1643 8
767 407 8
31 1691 8
767 1279 8
397 336 8
1254 399 8
397 1012 8
26 619 8
1254 1693 8
175 1564 8
1667 453 8
392 1189 8
277 882 8
248 1303 8
1303 248 8
248 1303 8
1303 248 8
248 1303 8
248 1303 8
1280 280 8
1280 678 8
248 95 8
40 1422 8
1515 392 8
280 1280 8
248 501 8
1643 1303 8
536 776 8
248 597 8
1519 1512 8
248 918 8
1519 918 8
52 1666 8
360 1025 8
473 399 8
1539 366 8
1282 1539 8
1539 248 8
1539 1282 8
248 1539 8
248 1180 8
1226 1038 8
1269 709 8
1539 248 8
536 1521 8
1622 710 8
308 233 8
1269 536 8
536 1269 8
536 1227 8
1539 49 8
710 1622 8
1666 52 8
1227 536 8
248 1539 8
1227 536 8
536 1227 8
536 1227 8
1539 248 8
248 1539 8
1584 1412 8
1539 248 8
1412 1584 8
918 248 8
1539 809 8
248 1539 8
1584 1567 8
233 1135 8
1567 248 8
800 767 8
1539 248 8
1567 1254 8
248 1567 8
678 1280 8
248 1539 8
1539 248 8
1567 248 8
1567 1584 8
1367 1584 8
1567 1584 8
248 1567 8
248 1539 8
1567 248 8
248 1567 8
248 1567 8
1331 494 8
1567 248 8
1584 1367 8
248 1567 8
52 1666 8
248 1401 8
49 1539 8
233 308 8
494 1331 8
1539 49 8
1539 1694 8
360 1401 8
360 1401 8
360 1401 8
360 1401 8
545 1643 8
1539 855 8
360 1055 8
360 1055 8
1539 517 8
360 1055 8
296 336 8
360 912 8
360 459 8
1269 536 8
248 473 8
1254 1567 8
360 787 8
1280 280 8
1280 678 8
360 310 8
360 772 8
1282 1539 8
1282 592 8
1567 1254 8
821 699 8
1539 1282 8
1643 545 8
1622 710 8
508 1254 8
43 248 8
43 2 8
248 43 8
543 796 8
517 1539 8
1666 52 8
280 1280 8
809 1539 8
1600 1230 8
1618 592 8
1230 1600 8
1012 1695 8
11 1386 8
11 1120 8
248 927 8
1120 141 8
41 949 8
1120 796 8
1600 1230 8
35 2 8
1600 1230 8
248 1618 8
1230 1600 8
1230 1600 8
248 733 8
1600 1689 8
1600 1689 8
1386 11 8
0 35 8
1386 1312 8
0 35 8
1254 1567 8
1254 508 8
1600 393 8
1280 280 8
1564 175 8
1618 1628 8
366 1539 8
1236 51 8
1236 1028 8
175 1564 8
52 1666 8
678 1280 8
1618 1401 8
1666 52 8
1618 248 8
192 143 8
473 248 8
473 1643 8
653 619 8
733 248 8
733 604 8
604 733 8
1422 40 8
453 1667 8
143 192 8
1666 733 8
1667 453 8
1666 604 8
1564 175 8
733 1666 8
1680 399 8
280 1280 8
1666 604 8
1666 733 8
175 1564 8
972 1696 8
192 143 8
733 1666 8
1666 733 8
733 1666 8
1666 733 8
1564 175 8
175 1564 8
1666 543 8
43 248 8
1334 1693 8
1564 175 8
175 1564 8
1689 1600 8
604 1666 8
707 280 8
545 1643 8
1689 1600 8
1358 1254 8
1358 1693 8
840 414 8
1284 1341 8
1666 604 8
604 1666 8
1666 604 8
1284 1216 8
280 707 8
1216 1284 8
1284 1216 8
616 1666 8
616 430 8
1666 616 8
301 1697 8
1078 1077 8
175 1564 8
616 1666 8
1623 1625 8
2 43 8
2 35 8
1284 175 8
1078 1077 8
175 1284 8
1284 543 8
1666 616 8
548 324 8
1284 175 8
175 1284 8
545 543 8
1564 175 8
248 1618 8
248 733 8
175 1564 8
248 43 8
1284 616 8
213 1597 8
1135 780 8
1135 40 8
616 1284 8
1135 233 8
616 1666 8
1284 616 8
414 840 8
1284 1564 8
616 1284 8
1284 388 8
1412 548 8
248 388 8
388 1284 8
388 248 8
1666 616 8
248 388 8
388 248 8
1666 446 8
248 446 8
388 360 8
248 388 8
1284 51 8
1284 388 8
1284 1364 8
297 517 8
1364 809 8
1364 1284 8
1325 712 8
1284 26 8
1312 1386 8
1284 1364 8
1519 715 8
1519 715 8
1284 1020 8
11 1386 8
1412 388 8
543 1284 8
26 1284 8
1284 1312 8
388 1412 8
1284 543 8
1254 1358 8
543 1284 8
1284 26 8
1284 543 8
1643 473 8
1312 1284 8
1284 2 8
2 1284 8
543 1284 8
2 1284 8
1284 2 8
2 1284 8
1342 275 8
40 1422 8
40 1135 8
1284 1312 8
1284 543 8
1284 2 8
543 1284 8
233 1254 8
501 248 8
1284 543 8
1643 545 8
543 1284 8
1312 1284 8
1284 543 8
1254 233 8
1284 1312 8
543 1284 8
2 1284 8
1412 543 8
1312 1284 8
543 1412 8
1284 2 8
26 1284 8
765 251 8
1539 366 8
1284 1312 8
233 1254 8
597 302 8
1284 26 8
160 161 8
1342 192 8
117 192 8
192 1342 8
192 117 8
117 192 8
1254 233 8
1284 543 8
1312 1284 8
1342 192 8
159 597 8
192 1342 8
1521 536 8
877 765 8
1284 1312 8
1521 1579 8
604 616 8
1284 1312 8
360 388 8
1312 1284 8
233 1254 8
1600 1689 8
302 597 8
341 1038 8
1284 1312 8
1233 1253 8
1284 1312 8
280 0 8
1284 1412 8
248 501 8
35 0 8
1312 1284 8
35 2 8
2 35 8
173 1433 8
1251 1615 8
337 62 8
1342 192 8
885 767 8
1597 213 8
1597 1038 8
271 1252 8
1597 918 8
1597 1654 8
1597 1343 8
1597 1486 8
1597 1521 8
1597 1547 8
1564 1284 8
1597 767 8
619 26 8
1412 543 8
1597 26 8
1597 631 8
1597 1581 8
1597 428 8
1284 1564 8
173 1433 8
543 1412 8
388 360 8
1486 41 8
1486 1597 8
1412 543 8
446 248 8
446 1666 8
1689 1600 8
551 1412 8
446 1284 8
1279 767 8
1226 1038 8
192 1342 8
710 1622 8
1342 192 8
1486 678 8
192 1342 8
399 1254 8
1342 192 8
1412 551 8
192 1342 8
1412 551 8
1342 192 8
1666 446 8
192 1342 8
1342 192 8
399 1680 8
399 473 8
1071 1157 8
192 1342 8
1675 685 8
399 501 8
399 501 8
399 535 8
399 1342 8
192 393 8
1342 192 8
1342 399 8
767 1597 8
1032 1280 8
1032 1354 8
1284 446 8
192 1342 8
1342 192 8
809 1364 8
551 1412 8
59 1129 8
1268 522 8
399 1342 8
506 1312 8
1342 399 8
47 1345 8
1412 551 8
551 1412 8
1412 551 8
1656 143 8
1656 1564 8
551 1412 8
1280 1282 8
1157 1071 8
1304 1102 8
1188 1014 8
1280 280 8
324 548 8
686 276 8
686 1439 8
473 1643 8
473 399 8
41 994 8
41 473 8
473 41 8
41 473 8
41 1621 8
473 41 8
796 543 8
707 280 8
1439 686 8
543 796 8
192 1342 8
965 51 8
280 1280 8
508 1254 8
508 1602 8
248 446 8
248 1425 8
1674 200 8
446 1666 8
446 248 8
1547 1597 8
0 280 8
0 35 8
0 35 8
0 35 8
796 543 8
0 35 8
0 35 8
1666 446 8
1425 248 8
1425 1698 8
238 1327 8
1622 710 8
1425 1065 8
1628 1618 8
0 35 8
1355 1508 8
709 1269 8
1280 280 8
1355 134 8
949 41 8
430 616 8
280 1280 8
280 707 8
493 388 8
707 280 8
248 446 8
248 1628 8
198 543 8
1628 248 8
248 1628 8
1628 248 8
1492 1112 8
248 1628 8
1628 248 8
446 248 8
248 1628 8
248 446 8
446 248 8
1628 248 8
678 1486 8
1386 11 8
1386 1312 8
710 1622 8
502 604 8
1269 709 8
1364 1284 8
276 686 8
26 1284 8
767 1279 8
1364 809 8
11 1386 8
26 619 8
1487 517 8
1643 473 8
1430 1675 8
1112 989 8
1646 877 8
989 1112 8
1646 192 8
1646 620 8
1646 1607 8
1646 8 8
1112 989 8
1693 1334 8
1693 1358 8
1646 1515 8
1693 1254 8
1646 31 8
388 493 8
192 1646 8
248 446 8
1646 192 8
1646 1112 8
1656 1646 8
989 1112 8
1656 1345 8
1539 192 8
543 796 8
1646 1439 8
592 1618 8
248 1646 8
1646 1656 8
1539 809 8
1646 248 8
192 1646 8
1539 809 8
1646 192 8
192 1539 8
592 1282 8
1539 192 8
1312 1386 8
248 1646 8
1439 1646 8
1564 1656 8
1112 1646 8
1646 248 8
1646 1112 8
1646 192 8
1112 1646 8
1539 1372 8
248 1646 8
446 248 8
1656 1564 8
280 707 8
192 1646 8
1254 233 8
1254 399 8
1254 508 8
1284 26 8
1284 1364 8
248 446 8
248 446 8
1646 1112 8
1646 248 8
1646 192 8
446 248 8
366 1539 8
1312 1402 8
616 430 8
1433 1668 8
1433 173 8
1433 173 8
248 1646 8
248 446 8
712 1325 8
712 461 8
446 248 8
51 1284 8
51 965 8
453 1667 8
248 446 8
1327 238 8
503 1338 8
620 1646 8
446 248 8
1597 399 8
1597 51 8
248 446 8
1597 356 8
707 280 8
446 248 8
1618 1628 8
1618 248 8
248 446 8
248 1618 8
1618 248 8
1618 248 8
799 1412 8
248 1618 8
248 1618 8
446 248 8
248 446 8
709 1269 8
446 248 8
280 707 8
248 446 8
446 248 8
248 446 8
685 1675 8
446 248 8
1618 801 8
1618 801 8
248 446 8
248 1358 8
446 248 8
248 1117 8
248 446 8
26 1284 8
392 1685 8
1467 1234 8
1467 1553 8
1112 1467 8
1112 814 8
1467 1112 8
35 2 8
35 0 8
767 1443 8
1112 1467 8
1279 767 8
707 280 8
173 1433 8
31 1646 8
1402 1312 8
280 707 8
614 597 8
356 1597 8
1284 51 8
1284 51 8
280 251 8
1284 26 8
8 1646 8
462 468 8
462 481 8
462 360 8
605 127 8
481 462 8
356 1623 8
1539 1167 8
356 808 8
808 356 8
356 808 8
356 1615 8
808 356 8
1622 710 8
356 808 8
356 1247 8
1615 811 8
356 52 8
356 1243 8
1615 1172 8
356 1216 8
1615 1600 8
1685 392 8
1167 1539 8
1280 280 8
1172 1615 8
1623 356 8
104 1647 8
280 1280 8
356 1623 8
1038 1226 8
1038 1597 8
1117 248 8
127 605 8
1615 1172 8
1615 767 8
1172 1615 8
1600 1615 8
1600 1615 8
1607 1646 8
1699 1361 8
1699 767 8
767 1615 8
767 1699 8
1699 767 8
767 1699 8
1699 767 8
52 356 8
306 316 8
360 388 8
360 462 8
972 1696 8
356 1700 8
208 1700 8
1184 606 8
299 1701 8
340 1055 8
340 1055 8
340 1055 8
545 1347 8
1182 1702 8
51 1700 8
336 1597 8
1703 1597 8
1327 238 8
782 1704 8
248 1597 8
399 1597 8
248 1705 8
8 1700 8
8 1705 8
8 1681 8
1542 1466 8
1550 1635 8
1519 448 8
839 1076 8
1392 1426 8
190 764 8
18 1644 8
18 1644 8
1467 1426 8
1467 1426 8
251 765 8
