484 1420 9
308 1466 9
1342 1706 9
653 296 9
192 1411 9
1600 1411 9
233 1411 9
1600 1635 9
248 1707 9
248 1700 9
1141 1708 9
31 1709 9
809 1411 9
94 772 9
143 1556 9
798 1556 9
966 1556 9
1512 459 9
1512 459 9
798 732 9
2 1710 9
2 1 9
2 1500 9
2 753 9
535 732 9
1338 1295 9
123 801 9
1711 1465 9
958 957 9
1283 732 9
94 1384 9
94 1418 9
190 1420 9
1508 1565 9
1508 1565 9
1654 1597 9
1542 296 9
31 1654 9
1342 1070 9
1342 1070 9
94 706 9
94 606 9
877 1425 9
94 861 9
47 1654 9
1254 1070 9
224 1425 9
1712 1713 9
1712 1572 9
1405 1714 9
1331 310 9
31 310 9
620 823 9
643 310 9
1715 1307 9
146 1504 9
1715 68 9
